id,lat,lng
1,-2.17588,-79.90863
1,-2.17588,-79.90863
1,-2.17588,-79.90863
1,-2.17588,-79.90863
1,-2.17588,-79.90863
1,-2.17588,-79.90863
1,-2.17588,-79.90863
1,-2.17588,-79.90863
1,-2.17588,-79.90863
1,-2.17588,-79.90863
1,-2.17588,-79.90863
1,-2.17588,-79.90863
1,-2.17588,-79.90863
1,-2.17209045,-79.91032426
1,-2.17588,-79.90863
1,-2.17588,-79.90863
1,-2.17588,-79.90863
1,-2.17588,-79.90863
1,-2.17588,-79.90863
1,-2.17588,-79.90863
1,-2.17588,-79.90863
1,-2.17588,-79.90863
1,-2.17588,-79.90863
1,-2.17588,-79.90863
1,-2.17588,-79.90863
2,-12.11219772,-77.03860471
2,-12.1226101,-77.0311966
2,-12.11073589,-77.03735054
2,-12.06941237,-77.04209805
2,-12.11148068,-77.04066038
2,-12.11415322,-77.03979667
2,-12.13189349,-77.03026414
2,-12.13189349,-77.03026414
2,-12.13177811,-77.03086495
2,-12.12756454,-77.01757477
2,-12.11038184,-77.03712599
2,-12.11203643,-77.03831796
2,-12.12595652,-77.01780796
2,-12.11073589,-77.03735054
2,-12.06941237,-77.04209805
2,-12.11415322,-77.03979667
2,-12.05871065,-77.03845024
3,-2.89463997,-79.01194
3,-2.91158091,-79.0012848
3,-2.905869,-79.002434
3,-2.89944081,-79.00760019
3,-2.89659638,-79.00193623
3,-2.899726,-79.001056
3,-2.90758899,-79.00982483
3,-2.91567344,-78.99819872
3,-2.90493884,-79.00191307
3,-2.90348847,-79.01404213
3,-2.90329,-78.9988358
3,-2.903783,-79.014037
3,-2.89623956,-79.01241375
3,-2.90596294,-79.00241652
3,-2.90493884,-79.00191307
3,-2.91929966,-79.01498051
3,-2.91856428,-79.01477627
3,-2.91976837,-79.01538849
3,-2.90588508,-79.00252693
3,-2.90561261,-79.00628636
3,-2.8991014,-79.01752512
3,-2.897361,-79.00414444
3,-2.919407,-79.015392
3,-2.9031927,-79.0134305
3,-2.91545534,-79.01951219
3,-2.90045128,-79.01481491
3,-2.71312522,-78.89003537
3,-2.90596294,-79.00241652
3,-2.90493884,-79.00191307
3,-2.90588508,-79.00252693
3,-2.9014344,-79.00772164
3,-2.88717265,-78.98807855
3,-2.90045128,-79.01481491
3,-2.91844276,-79.01494187
3,-2.888859,-79.032002
3,-2.907358,-79.003896
3,-2.90190651,-79.01333558
3,-2.91929966,-79.01498051
3,-2.903783,-79.014037
3,-2.90334105,-79.02429203
3,-2.90451697,-79.01337246
3,-2.91910385,-79.0152289
3,-2.91026027,-79.00210737
3,-2.90190651,-79.01333558
3,-2.90640013,-79.00495595
3,-2.90580323,-79.00252678
3,-2.90639609,-79.0025568
3,-2.89496308,-79.01098967
3,-2.90451697,-79.01337246
3,-2.90190651,-79.01333558
3,-2.90633185,-79.00472961
4,-0.19805392,-78.48813057
4,-0.18012422,-78.50722684
4,-0.20375381,-78.49865441
4,-0.10771745,-78.48907471
4,-0.16436554,-78.47924709
4,-0.19900878,-78.48735809
4,-0.10771745,-78.48907471
4,-0.10771745,-78.48907471
4,-0.20256398,-78.49098578
4,-0.10771745,-78.48907471
4,-0.10771745,-78.48907471
4,-0.24886187,-79.16767001
4,-2.07306222,-79.84367143
4,-2.16755016,-79.84254999
4,-2.23004168,-80.92818557
4,-2.18850291,-81.00896078
4,-2.18609202,-79.92489338
4,-0.1832151,-78.48202906
4,-0.1817267,-78.48074
4,-0.10771745,-78.48907471
4,-0.17640324,-78.47993374
4,-0.10771745,-78.48907471
4,-0.16249352,-78.49750582
4,-0.10771745,-78.48907471
4,-0.10771745,-78.48907471
4,-0.19603691,-78.48508358
4,-0.19601123,-78.4855829
4,-0.19601123,-78.4855829
4,-0.19601123,-78.4855829
4,-0.19601123,-78.4855829
5,38.97858639,-1.8530918
5,-2.03926997,-79.89887346
5,-2.19468477,-79.88136902
6,40.26019,-74.27342
6,-33.44948384,-70.67377162
6,-2.1445601,-79.9170609
7,-2.14022343,-79.89820552
7,-2.15583698,-79.89255667
7,-2.13768718,-79.92316442
7,-2.1755971,-79.89889314
7,-2.15583698,-79.89255667
7,-2.11283265,-79.89301169
7,-2.14880383,-79.88433838
7,-2.13768718,-79.92316442
7,-2.15024113,-79.89225059
7,-2.15811147,-79.89915678
7,-2.14636529,-79.89882329
7,-2.1438077,-79.86944675
7,-2.14570543,-79.88587651
7,-2.14253325,-79.89647792
7,-2.15811147,-79.89915678
7,-2.16113326,-79.92605209
7,-2.14880383,-79.88433838
7,-0.19553484,-78.48429328
7,-0.124368,-78.359813
7,-2.14880383,-79.88433838
7,-2.15811147,-79.89915678
7,-2.15811147,-79.89915678
8,-2.12408453,-79.90623969
8,-2.1575,-79.88361111
8,-2.1833,-79.8833
8,-2.15186609,-79.89707116
8,-2.19104161,-79.89178945
8,-0.96639453,-80.70581264
8,-2.10383859,-79.90417216
8,-2.10383859,-79.90417216
8,-2.10383859,-79.90417216
8,-1.44449,-80.1138
8,-2.17657564,-79.87871602
8,-2.12800578,-79.90503382
8,-2.15841722,-79.8873064
8,-2.15841722,-79.8873064
8,-1.44449,-80.1138
8,-1.44449,-80.1138
8,-1.44449,-80.1138
8,-1.44449,-80.1138
8,-2.8992,-79.0153
8,-0.95002222,-80.7162
8,-0.95002222,-80.7162
8,-0.95002222,-80.7162
8,-1.6743,-78.6483
8,-2.12414011,-79.90516537
8,-1.44449,-80.1138
8,-2.8992,-79.0153
8,-2.8992,-79.0153
8,-2.1833,-79.8833
8,-2.16928034,-79.91136151
8,-2.16928034,-79.91136151
8,-2.16928034,-79.91136151
8,-2.16928034,-79.91136151
8,-2.16928034,-79.91136151
8,-2.16928034,-79.91136151
8,-2.16928034,-79.91136151
8,-2.16928034,-79.91136151
8,-2.16928034,-79.91136151
8,-1.44449,-80.1138
8,-2.1635317,-79.89751447
8,0.983333,-79.7
8,0.983333,-79.7
8,0.983333,-79.7
8,-2.18361933,-79.98945779
8,-1.44449,-80.1138
8,-1.44449,-80.1138
8,-2.16165011,-79.91640513
9,10.48936418,-66.81032634
9,10.48936418,-66.81032634
9,10.97260947,-63.8235797
9,10.45798333,-66.59575
9,10.45827167,-66.59629667
9,10.59798161,-67.00058806
9,-0.95073133,-80.72169583
9,-0.2066605,-78.5207284
9,-0.20460774,-78.49607032
9,-0.19583288,-78.5091612
9,-0.21963894,-78.51189272
9,-0.21963894,-78.51189272
9,-0.21963894,-78.51189272
9,-0.21963894,-78.51189272
9,-0.21963894,-78.51189272
9,-0.21963894,-78.51189272
9,-0.16994918,-78.47131024
9,-0.11586383,-78.49278596
9,-0.11586383,-78.49278596
9,-0.11586383,-78.49278596
9,-0.210177,-78.51271386
9,-0.210177,-78.51271386
9,-0.210177,-78.51271386
9,-0.17974524,-78.48184616
9,-0.210177,-78.51271386
9,-0.210177,-78.51271386
9,-0.17974524,-78.48184616
9,-0.210177,-78.51271386
9,-0.17974524,-78.48184616
9,-0.22132502,-78.51548063
9,-0.210177,-78.51271386
9,-0.210177,-78.51271386
9,-0.210177,-78.51271386
9,-0.17974524,-78.48184616
9,-0.17974524,-78.48184616
9,-0.17974524,-78.48184616
9,-0.210177,-78.51271386
9,-2.14800124,-79.86461595
9,-2.16667,-79.9
9,-0.19601333,-78.50910833
9,-0.124208,-78.500007
9,-0.20259771,-78.49092962
9,-0.20259771,-78.49092962
9,-0.17974524,-78.48184616
9,-0.20293068,-78.49111933
9,-0.20259771,-78.49092962
9,-0.20546629,-78.49315334
9,-0.20293375,-78.49112827
9,-0.10328069,-78.49066412
9,-0.20546629,-78.49315334
9,-0.17954237,-78.47879925
9,-0.20294027,-78.49378478
9,-0.25,-78.5833
9,-0.25,-78.5833
9,-0.22137375,-78.51149556
9,-0.25,-78.5833
9,-0.25,-78.5833
9,-0.25,-78.5833
9,-0.25,-78.5833
9,-0.17829,-78.4777603
9,-0.25,-78.5833
9,-0.25,-78.5833
9,-0.25,-78.5833
9,-0.25,-78.5833
9,-0.25,-78.5833
9,-0.25,-78.5833
9,-0.25,-78.5833
9,-0.25,-78.5833
9,-0.25,-78.5833
9,-0.25,-78.5833
9,-0.25,-78.5833
9,-0.20290913,-78.49115995
9,-0.25,-78.5833
9,-0.25,-78.5833
9,-0.25,-78.5833
9,-0.25,-78.5833
9,-0.25,-78.5833
9,-0.25,-78.5833
9,-0.25,-78.5833
9,-0.25,-78.5833
9,-0.25,-78.5833
9,-0.25,-78.5833
9,-0.25,-78.5833
9,-0.25,-78.5833
9,-0.18253033,-78.48412844
9,-0.25,-78.5833
9,-0.1239114,-78.4884826
9,-0.25,-78.5833
9,-0.25,-78.5833
9,-0.25,-78.5833
9,-0.18253033,-78.48412844
9,-0.17498032,-78.49246139
9,-0.25,-78.5833
9,-0.25,-78.5833
9,-0.25,-78.5833
9,-0.25,-78.5833
9,-0.25,-78.5833
9,-0.25,-78.5833
9,-0.25,-78.5833
9,-0.25,-78.5833
9,-0.25,-78.5833
9,-0.25,-78.5833
9,-0.25,-78.5833
9,-0.25,-78.5833
9,-0.25,-78.5833
9,-0.25,-78.5833
9,-0.25,-78.5833
9,-0.25,-78.5833
9,-0.25,-78.5833
9,-0.25,-78.5833
9,-0.25,-78.5833
9,-0.25,-78.5833
9,-0.25,-78.5833
9,-0.25,-78.5833
9,-0.25,-78.5833
9,-0.25,-78.5833
9,-0.25,-78.5833
9,-0.25,-78.5833
9,-0.20260755,-78.49093222
9,-0.25,-78.5833
9,-0.25,-78.5833
9,-0.25,-78.5833
9,-0.25,-78.5833
9,-0.20260755,-78.49093222
9,-0.25,-78.5833
9,-0.25,-78.5833
9,-0.25,-78.5833
9,-0.2607885,-78.5350851
9,-0.25,-78.5833
9,-0.20587555,-78.49218668
9,-0.25,-78.5833
9,-0.20587555,-78.49218668
9,-0.25,-78.5833
9,-0.25,-78.5833
9,-0.25,-78.5833
9,-0.20588051,-78.49231719
9,-0.25,-78.5833
9,-0.25,-78.5833
9,-0.12363825,-78.47018875
9,-0.12363825,-78.47018875
9,-0.12363825,-78.47018875
9,-0.25,-78.5833
9,-0.12363825,-78.47018875
9,-0.25,-78.5833
9,-0.12363825,-78.47018875
9,-0.12363825,-78.47018875
9,-0.18287967,-78.48425591
9,-0.25,-78.5833
9,10.50475572,-66.90579846
9,8.59833,-71.145
10,-2.13004865,-79.86357031
10,-2.0982723,-79.8746488
10,-2.1406025,-79.90921766
10,-2.17843719,-79.8772788
10,-2.13016979,-79.86576989
10,-2.1740462,-79.9030196
10,-2.1833,-79.8833
10,-2.11466242,-79.87261863
10,-2.18839834,-79.96660224
10,-2.14062616,-79.8642856
10,-2.15872066,-79.89585069
10,-2.10880836,-79.85743144
10,-2.18839834,-79.96660224
10,-2.1740462,-79.9030196
10,-2.15509837,-79.89016428
10,-2.18839834,-79.96660224
10,-2.16177551,-79.89518241
10,-2.09803742,-79.87515624
10,-2.15525792,-79.89226833
10,-2,-77.5
10,-2.15525792,-79.89226833
10,-2.17872332,-79.87623037
10,-2.17843719,-79.8772788
10,-2.11466242,-79.87261863
10,-2.16678734,-79.89496409
10,-2.1406025,-79.90921766
10,-2.15525792,-79.89226833
10,-2.1740462,-79.9030196
10,-2.17843719,-79.8772788
10,-2.1406025,-79.90921766
10,-2.1833,-79.8833
10,-2.1833,-79.8833
10,-2.17843719,-79.8772788
10,-2.15525792,-79.89226833
10,-2.10880836,-79.85743144
10,-2.09803742,-79.87515624
10,-2.14062616,-79.8642856
10,-2.0982723,-79.8746488
10,-2.0994,-79.93300003
10,-2.17442316,-79.89630947
10,-2.1833,-79.8833
10,-2.1833,-79.8833
10,-2.15113511,-79.86787885
10,-2.0982723,-79.8746488
10,-2.18839834,-79.96660224
10,-2.15525792,-79.89226833
10,-2.1406025,-79.90921766
10,-2.15525792,-79.89226833
10,-2.15525792,-79.89226833
10,-2.10880836,-79.85743144
10,-2.07608234,-79.87703206
10,-2.14062616,-79.8642856
10,-1.02041307,-79.4552851
10,-2.17843719,-79.8772788
10,-2.17872332,-79.87623037
10,-2.09803742,-79.87515624
10,-0.086795,-79.280759
10,-2.1406025,-79.90921766
10,-2.1406025,-79.90921766
10,-2.13016979,-79.86576989
10,-2.1406025,-79.90921766
10,-2.1485,-79.93907412
10,-2.17843719,-79.8772788
10,-2.15525792,-79.89226833
10,-2.15525792,-79.89226833
10,-2.13016979,-79.86576989
10,-2.11466242,-79.87261863
10,-2.0994,-79.93300003
10,-2.10880836,-79.85743144
10,-2.18839834,-79.96660224
10,-2.081589,-79.920007
10,-2.17843719,-79.8772788
10,-2.10336019,-79.87149179
10,-2.10336019,-79.87149179
10,-2.0982723,-79.8746488
11,-2.04800633,-79.88162317
11,-2.1833,-79.8833
11,-2.0581782,-79.87559687
11,-2.14820936,-79.86651333
11,-2.14820936,-79.86651333
12,-31.53708394,-68.5714125
12,-31.536038,-68.568734
12,-31.53438551,-68.56815436
12,-31.53587485,-68.5687955
12,-31.53566957,-68.56900815
12,-31.536029,-68.568746
12,-31.53423961,-68.56841256
12,-31.53247205,-68.56764814
12,-31.536032,-68.568738
12,-31.536029,-68.568739
12,-31.536029,-68.568739
12,-31.536063,-68.568756
12,-31.536063,-68.568756
12,-31.527846,-68.548773
12,-31.536065,-68.568755
12,-31.536065,-68.568755
12,-31.53606495,-68.56875493
12,-31.5361108,-68.56890363
12,-31.53603075,-68.5689131
12,-31.536051,-68.568761
12,-31.536051,-68.568761
12,-31.536051,-68.568761
12,-31.536064,-68.568744
12,-31.53597616,-68.56863557
12,-31.53601415,-68.56872794
12,-31.536048,-68.568768
12,-31.536048,-68.568772
12,-31.53583945,-68.58196
12,-31.53582,-68.581966
12,-31.535839,-68.582095
12,-31.5359762,-68.5686414
12,-31.536014,-68.568626
12,-31.535667,-68.56918
12,-31.53368417,-68.57165009
12,-31.536048,-68.568772
12,-31.53441805,-68.56825964
12,-31.536064,-68.568748
12,-31.53614097,-68.56886792
12,-31.5363648,-68.5849056
12,-31.5360546,-68.56901938
12,-31.53606247,-68.56900515
12,-31.53562498,-68.5688639
12,-31.536048,-68.568778
12,-31.53568079,-68.56871195
12,-31.52257151,-68.51127595
12,-31.535746,-68.581899
12,-41.13406337,-71.3167909
12,-41.13408635,-71.31682728
12,-46.43902136,-67.54050816
12,-46.43902136,-67.54050816
12,-51.62774182,-69.24725325
12,-54.79433141,-68.23221132
12,-54.79434918,-68.232192
12,-54.79434275,-68.23220758
12,-34.60420203,-58.3696557
12,-34.60775961,-58.5122692
12,-34.607648,-58.512156
12,-34.60764429,-58.51220929
12,-34.60763015,-58.51216231
12,-34.61657426,-58.36339046
12,-34.60403089,-58.41093477
12,-34.60402241,-58.41100707
12,-34.60459241,-58.40525379
12,-34.60419392,-58.36948325
12,-34.60418125,-58.36949125
12,-34.58895429,-58.42666857
12,-34.5889457,-58.42656661
12,-34.60461702,-58.40519763
12,-34.1578661,-58.9587959
12,-32.95157138,-60.6322676
12,-31.41996939,-64.17913162
12,-31.97337197,-64.56199734
12,-26.07006781,-65.97648961
12,-26.06991819,-65.97641836
12,-17.39881673,-66.15815143
12,-17.39858002,-66.1579625
12,-17.78950604,-63.1613544
12,-17.77789667,-63.1713
12,-17.7778132,-63.17129341
12,-19.04288017,-65.26320103
12,-19.04288017,-65.26320103
12,-19.042875,-65.263195
12,-19.04282,-65.263178
12,-19.04302877,-65.26327423
12,-19.04305158,-65.26338273
12,-19.04293182,-65.26336373
12,-19.04300133,-65.26338118
12,-19.0429,-65.263245
12,-16.19024813,-67.724635
12,-13.51147142,-71.97837417
12,-13.51205204,-71.97892888
12,-13.511778,-71.978454
12,-13.51151953,-71.97845941
12,-13.51232956,-71.98413438
12,-13.51207,-71.98404
12,-13.51418727,-71.97019905
12,-13.51388646,-71.9702004
12,-13.51400337,-71.97007917
12,-13.51410529,-71.97025509
12,-11.94229228,-77.06639446
12,-11.94230533,-77.06638362
12,-3.74212218,-73.24527744
12,-12.064743,-77.068929
12,-12.064743,-77.068929
12,-12.064743,-77.068929
12,-12.06468586,-77.06898777
12,-2.02295434,-79.92052149
12,-2.02291492,-79.92053881
12,-2.02291492,-79.92053881
12,-2.02290612,-79.92051322
12,-2.14271539,-79.8792714
12,-1.82613,-80.75309667
12,-1.8261102,-80.75311694
12,-1.82606566,-80.75299405
12,-1.826094,-80.753024
12,-1.82614,-80.753045
12,-1.82607997,-80.75295653
12,-1.826118,-80.753096
12,-1.8261125,-80.7529975
12,-1.8260875,-80.753075
12,-2.02273473,-79.91868348
12,-2.0227319,-79.91871196
12,-2.90046,-78.99861
13,-2.06687664,-79.89465267
13,-2.06687664,-79.89465267
13,-2.06687664,-79.89465267
13,-2.06687664,-79.89465267
13,-2.06687664,-79.89465267
13,-2.19237066,-79.88137522
13,-2.19237066,-79.88137522
13,-2.19237066,-79.88137522
13,-2.06687664,-79.89465267
13,-2.06687664,-79.89465267
13,-2.06687664,-79.89465267
13,-2.06687664,-79.89465267
13,-2.06687664,-79.89465267
13,-2.06687664,-79.89465267
13,-2.06687664,-79.89465267
13,-2.06687664,-79.89465267
13,-2.06687664,-79.89465267
13,-2.06687664,-79.89465267
13,-2.06687664,-79.89465267
13,-2.06687664,-79.89465267
13,-2.06687664,-79.89465267
13,-2.06687664,-79.89465267
13,-2.06687664,-79.89465267
13,-2.06687664,-79.89465267
13,-2.06687664,-79.89465267
13,-1.38065688,-78.50257045
13,-1.4,-78.4167
13,-1.39758281,-78.42282388
13,-1.39758281,-78.42282388
13,-1.39758281,-78.42282388
13,-1.39758281,-78.42282388
13,-1.3979125,-78.42239875
13,-1.3979125,-78.42239875
13,-1.3979125,-78.42239875
13,-1.3979125,-78.42239875
13,-1.3979125,-78.42239875
13,-1.3979125,-78.42239875
13,-1.3979125,-78.42239875
13,-1.3979125,-78.42239875
13,-1.3979125,-78.42239875
13,-1.39758281,-78.42282388
13,-1.39758281,-78.42282388
13,-1.39758281,-78.42282388
13,-1.39758281,-78.42282388
13,-1.39758281,-78.42282388
13,-1.39758281,-78.42282388
13,-1.39758281,-78.42282388
13,-1.39758281,-78.42282388
13,-1.39758281,-78.42282388
13,-1.39758281,-78.42282388
13,-1.39758281,-78.42282388
13,-1.3979125,-78.42239875
13,-1.3979125,-78.42239875
13,-1.39758281,-78.42282388
13,-1.39758281,-78.42282388
13,-1.39758281,-78.42282388
13,-1.39758281,-78.42282388
13,-1.39758281,-78.42282388
13,-1.39758281,-78.42282388
13,-1.39758281,-78.42282388
13,-1.39758281,-78.42282388
13,-1.39758281,-78.42282388
13,-1.396106,-78.437403
13,-1.39758281,-78.42282388
13,-1.39758281,-78.42282388
13,-1.396106,-78.437403
13,-1.396106,-78.437403
13,-1.396106,-78.437403
13,-1.396106,-78.437403
13,-1.396106,-78.437403
13,-1.396106,-78.437403
13,-1.396106,-78.437403
13,-1.396106,-78.437403
13,-1.396106,-78.437403
13,-1.396106,-78.437403
13,-1.396106,-78.437403
13,-1.396106,-78.437403
13,-1.39758281,-78.42282388
13,-1.4189272,-78.42595608
13,-1.4189272,-78.42595608
13,-1.39758281,-78.42282388
13,-1.39758281,-78.42282388
13,-1.39758281,-78.42282388
13,-1.39758281,-78.42282388
13,-1.39758281,-78.42282388
13,-2.06687664,-79.89465267
13,-2.06687664,-79.89465267
13,-2.06687664,-79.89465267
13,-2.06687664,-79.89465267
13,-2.06687664,-79.89465267
13,-2.06687664,-79.89465267
13,-2.06687664,-79.89465267
13,-2.06687664,-79.89465267
13,-2.06687664,-79.89465267
13,-2.06687664,-79.89465267
13,-2.06687664,-79.89465267
13,-2.007572,-80.749516
13,-2.007572,-80.749516
13,-2.007572,-80.749516
13,-2.007572,-80.749516
13,-2.007572,-80.749516
13,-2.007572,-80.749516
13,-2.007572,-80.749516
13,-2.007572,-80.749516
13,-2.007572,-80.749516
13,-2.007572,-80.749516
13,-2.007572,-80.749516
13,-2.007572,-80.749516
13,-1.82716304,-80.75291313
13,-1.82716304,-80.75291313
13,-1.82716304,-80.75291313
13,-1.82716304,-80.75291313
13,-1.82716304,-80.75291313
13,-1.82716304,-80.75291313
13,-1.82716304,-80.75291313
13,-1.82716304,-80.75291313
13,-2.06687664,-79.89465267
13,-2.06687664,-79.89465267
13,-2.06687664,-79.89465267
14,12.56993827,-70.04461376
14,12.53751437,-69.95581564
14,12.56667335,-70.04763884
14,12.56871572,-70.04514032
15,-2.17538775,-79.90501494
15,-2.15540899,-79.89225946
15,-2.1833,-79.8833
15,-2.1936077,-79.8805113
16,-0.9804584,-80.6979357
16,-0.95002222,-80.7162
16,-0.9804584,-80.6979357
16,-0.9804584,-80.6979357
16,-0.9804584,-80.6979357
16,-0.9804584,-80.6979357
16,-0.9804584,-80.6979357
16,-0.9804584,-80.6979357
16,-0.9804584,-80.6979357
16,-0.9804584,-80.6979357
16,-0.9804584,-80.6979357
16,-0.9804584,-80.6979357
16,-0.9804584,-80.6979357
16,-0.9804584,-80.6979357
16,-0.9804584,-80.6979357
16,-0.9804584,-80.6979357
16,-0.9804584,-80.6979357
16,-0.9804584,-80.6979357
16,-0.9804584,-80.6979357
16,-0.9804584,-80.6979357
16,-0.9804584,-80.6979357
16,-0.9804584,-80.6979357
16,-0.9804584,-80.6979357
16,-0.9804584,-80.6979357
16,-0.9804584,-80.6979357
16,-0.9804584,-80.6979357
16,-0.9804584,-80.6979357
16,-0.9804584,-80.6979357
16,-0.9804584,-80.6979357
16,-0.9804584,-80.6979357
16,-1.49401113,-80.79289411
16,-1.49401113,-80.79289411
16,-0.9804584,-80.6979357
16,-1.49401113,-80.79289411
16,-1.05348685,-80.65978739
16,-0.94422085,-80.73000457
16,-0.94422085,-80.73000457
16,-0.94422085,-80.73000457
16,-0.94422085,-80.73000457
16,-0.95002222,-80.7162
16,-0.95,-80.6333
17,-2.1818457,-79.88369084
17,-2.14222316,-79.86723095
17,-2.14222316,-79.86723095
17,-2.14222316,-79.86723095
17,-2.15711222,-79.89024696
17,40.7114,-74.0647
17,-2.1833,-79.8833
17,-2.1833,-79.8833
17,-2.1464293,-79.90361
17,-2.1833,-79.8833
17,-2.1833,-79.8833
17,-2.1833,-79.8833
17,-2.1833,-79.8833
17,-2.1833,-79.8833
17,-2.1833,-79.8833
17,-2.1833,-79.8833
18,-0.2093562,-78.4943332
18,-0.2093562,-78.4943332
18,-0.06976,-78.47356
18,39.15715317,-76.72626257
18,39.15715317,-76.72626257
18,38.8891873,-77.05018759
18,38.8891873,-77.05018759
18,38.88972036,-77.04879786
18,38.886227,-77.044214
18,38.88785532,-77.04784334
18,39.097383,-76.806309
18,38.99340039,-76.99250838
18,38.90589551,-76.77194595
18,38.99562345,-76.99350597
18,38.90593773,-76.77226977
18,38.90589551,-76.77194595
18,38.9062272,-76.77254587
18,38.90589551,-76.77194595
18,38.99560011,-76.99341947
18,-0.21180415,-78.48733939
18,-1.65366103,-78.64546165
18,-1.66798833,-78.65814167
18,-0.13335023,-78.47349566
18,-0.22903858,-78.51769924
18,-0.13339,-78.473322
18,-1.6872498,-78.63962049
18,-1.6872498,-78.63962049
18,-0.21247338,-78.48825932
18,-0.21247338,-78.48825932
18,-0.21247338,-78.48825932
18,-0.21247338,-78.48825932
18,-1.68727723,-78.63942568
18,-1.68727723,-78.63942568
18,-1.68727723,-78.63942568
18,-1.68727723,-78.63942568
18,-1.68727723,-78.63942568
18,-0.19912961,-78.4368006
18,-0.21247338,-78.48825932
18,-0.19912961,-78.4368006
18,-0.13335023,-78.47349566
18,-0.16825681,-78.46884188
18,-0.13335023,-78.47349566
18,-0.13335023,-78.47349566
18,-0.13335023,-78.47349566
18,-0.13335023,-78.47349566
18,-0.13335023,-78.47349566
18,-0.13335023,-78.47349566
18,-0.13335023,-78.47349566
18,-0.21197759,-78.48817623
18,-0.13335023,-78.47349566
18,-1.6743,-78.6483
18,-1.6743,-78.6483
18,-0.13307808,-78.4732493
18,0.04609812,-78.20641497
18,39.03300784,-76.92013501
18,39.03300784,-76.92013501
18,40.80444767,-74.18469849
18,1.20798935,-77.27549296
18,-0.14127717,-78.48907471
18,-0.13307808,-78.4732493
18,-1.6743,-78.6483
18,-1.6743,-78.6483
18,-1.6743,-78.6483
18,-0.13307808,-78.4732493
18,40.803,-74.189
19,-2.1653003,-79.911803
19,-2.17886111,-79.89436944
20,-0.25,-78.5833
20,-0.25,-78.5833
20,-0.24212475,-78.53464961
20,-0.25,-78.5833
20,-0.25,-78.5833
20,-0.25,-78.5833
20,-0.18388301,-78.47949602
20,-0.18388301,-78.47949602
20,-0.18164114,-78.48112338
20,-0.18164114,-78.48112338
20,-0.18164114,-78.48112338
20,-0.25,-78.5833
20,-0.25,-78.5833
20,-0.25,-78.5833
20,-0.25,-78.5833
20,-0.25,-78.5833
20,-0.25,-78.5833
20,-0.25,-78.5833
20,-0.25,-78.5833
20,-0.23939018,-78.52963234
20,-0.25,-78.5833
20,-0.25,-78.5833
20,-0.25,-78.5833
20,-0.25,-78.5833
20,-0.25,-78.5833
20,-0.25,-78.5833
20,-0.25,-78.5833
20,-0.25,-78.5833
20,-0.25,-78.5833
20,-0.25,-78.5833
20,-0.25,-78.5833
20,-0.25,-78.5833
20,-0.25,-78.5833
20,-0.21127779,-78.48346805
20,-0.25,-78.5833
20,-0.25,-78.5833
20,-0.25,-78.5833
20,-0.25,-78.5833
20,-0.23435838,-78.53203152
20,-0.23435838,-78.53203152
20,-0.25,-78.5833
20,-0.25,-78.5833
20,-0.25,-78.5833
20,-0.25,-78.5833
20,-0.25,-78.5833
20,-0.25,-78.5833
20,-0.25,-78.5833
20,-0.25,-78.5833
20,-0.25,-78.5833
20,-0.23435838,-78.53203152
20,-0.23435838,-78.53203152
20,-0.23435838,-78.53203152
20,-0.23843826,-78.51541657
20,-0.25,-78.5833
20,-0.25,-78.5833
20,-0.25,-78.5833
20,-0.25,-78.5833
20,-0.25,-78.5833
20,-0.25,-78.5833
20,-0.25,-78.5833
20,-0.25,-78.5833
20,-0.25,-78.5833
20,-0.25,-78.5833
20,-0.25,-78.5833
20,-0.25,-78.5833
20,-0.25,-78.5833
20,-0.25,-78.5833
20,-0.25,-78.5833
20,-0.25,-78.5833
20,-0.25,-78.5833
20,-0.25,-78.5833
20,-0.25,-78.5833
20,-0.25,-78.5833
20,-0.25,-78.5833
20,-0.25,-78.5833
20,-0.25,-78.5833
20,-0.24126935,-78.5282135
20,-0.23435838,-78.53203152
20,-0.23435838,-78.53203152
20,-0.23435838,-78.53203152
20,-0.25,-78.5833
20,-0.25,-78.5833
20,-0.25,-78.5833
20,-0.25,-78.5833
20,-0.25,-78.5833
20,-0.25,-78.5833
20,-0.25,-78.5833
21,-2.15087359,-79.88395013
21,-2.15018262,-79.88398754
21,-2.15112425,-79.88490082
21,-2.15112486,-79.88490084
21,-0.1667837,-78.49485354
21,-0.1677098,-78.49509343
21,-0.16770938,-78.4951014
21,-0.16679379,-78.49481829
21,-0.16693159,-78.49504334
21,-0.16889926,-78.4973141
21,-0.1677394,-78.4951782
21,-0.16773941,-78.49516041
21,-0.12562627,-78.35970212
21,-0.12622125,-78.35922286
21,-2.09454159,-79.87379428
21,-2.10259111,-79.90434833
21,-2.10264732,-79.90427474
21,-2.10321276,-79.90393011
21,-2.03993411,-79.85356879
21,-2.14972458,-79.86924503
21,-2.1497316,-79.86924749
21,-2.03905729,-79.8536731
21,-2.14972458,-79.86924516
21,-2.14967798,-79.86924516
21,-2.14967732,-79.86924794
21,-2.14711371,-79.86996689
21,25.74731186,-80.26250054
21,-2.1587381,-80.80905123
21,-2.1587381,-80.80905123
21,-2.17234889,-79.90095419
21,-2.17234889,-79.90095419
21,-2.17205324,-79.90077833
21,-2.17250097,-79.90112657
21,-2.03987408,-79.85355337
21,-2.18378027,-79.89141807
21,-2.14799375,-79.86960495
21,-2.14941107,-79.86926362
21,-2.14970578,-79.86935539
21,-2.14941547,-79.86926497
21,-2.12726923,-79.87320411
21,-2.12728356,-79.87355632
21,-2.12727841,-79.87340446
21,-2.12730271,-79.87340117
21,-2.12733654,-79.87340382
21,-2.12729474,-79.87351815
21,-2.12730312,-79.87342072
21,-2.12742342,-79.87363518
21,-2.12732894,-79.8734057
21,-1.35285598,-80.59026612
21,-2.04309331,-79.86554105
21,-2.14716186,-79.86193377
21,-2.14716196,-79.8619339
21,-2.14766789,-79.86997648
21,-2.14968746,-79.869333
21,-2.12710602,-79.87363176
21,-2.12719038,-79.87326732
21,-2.12734682,-79.87343619
21,-2.04633879,-79.90792836
21,-2.12729371,-79.87350552
21,-2.11600454,-79.88634152
21,-2.1231049,-79.87338195
22,-2.2804371,-79.8794825
22,-2.1884033,-79.8792361
23,53.3478,-6.2597
23,10.06842373,-69.30913515
23,10.21244801,-68.01248018
23,9.08333,-69.8333
23,10.14460496,-68.03419505
23,10.44476,-67.964141
23,10.07059844,-69.29234599
23,-0.25,-78.5833
24,-0.1089217,-78.4247679
24,-0.1089244,-78.4247682
24,-0.1089268,-78.4247802
24,-0.1088381,-78.4251867
24,-0.1089249,-78.4247679
24,-0.1089388,-78.4248139
24,-0.1089246,-78.4248016
24,-0.1089117,-78.4248634
24,-0.1088928,-78.4249489
24,-0.1088825,-78.4249948
24,-0.1088855,-78.4249732
24,-0.108838,-78.425183
24,-0.1089247,-78.4248018
24,-0.1089081,-78.42492
24,-0.1089028,-78.4249564
24,-0.1089501,-78.4247956
24,-0.1089017,-78.4249662
24,-0.1089027,-78.4249524
24,-0.1089288,-78.4248618
24,-0.1088964,-78.4249814
24,-0.1088984,-78.424968
24,-0.1088812,-78.4250543
24,-0.1089013,-78.4249695
24,-0.1089007,-78.4249708
24,-0.1088999,-78.4249609
24,-0.25,-78.5833
24,37.775,-122.418
24,-0.26381727,-78.46516125
25,40.43976939,-79.98968559
25,40.82926679,-73.92657947
25,39.9007607,-75.2253189
25,-0.25,-78.5833
25,-0.19713015,-78.49620459
25,-0.19713015,-78.49620459
25,-0.00267596,-78.45424559
26,-2.10364245,-79.90430463
26,-2.17302384,-79.90714752
26,-2.16545692,-79.91179816
26,-2.13934362,-79.88985329
26,-2.12773929,-79.90666002
26,-0.19213065,-78.51801189
26,-2.1833,-79.8833
26,-2.16752397,-79.91766905
26,-0.18287967,-78.48425591
26,-2.0983321,-79.87502269
26,-2.0983321,-79.87502269
26,-2.1833,-79.8833
26,-2.15606153,-79.89183606
26,-2.18651228,-79.89644644
26,-2.18651228,-79.89644644
26,-2.16928034,-79.91136151
26,-2.16752397,-79.91766905
26,-2.1833,-79.8833
26,-2.1833,-79.8833
27,-2.13234378,-79.89748014
27,-2.0700377,-79.84275814
27,-2.0700377,-79.84275814
27,-2.12794952,-79.86478748
27,-2.15834473,-79.89565876
27,-2.17228078,-79.90028883
27,-2.15525792,-79.89226833
27,-2.1587381,-79.89619463
27,-2.1587381,-79.89619463
27,-2.1587381,-79.89619463
27,-2.07497858,-79.84428654
27,-2.07497858,-79.84428654
27,-2.18595468,-79.92534222
27,-2.18595468,-79.92534222
27,-2.18595468,-79.92534222
27,-2.1635317,-79.89751447
27,-2.1635317,-79.89751447
27,-2.1635317,-79.89751447
27,-2.1635317,-79.89751447
27,-2.1635317,-79.89751447
27,-2.1635317,-79.89751447
27,-2.1635317,-79.89751447
28,-2.17090135,-79.90002267
28,-2.19427652,-79.88305138
28,-2.19427652,-79.88305138
28,-2.05537273,-79.87302241
28,-2.05537273,-79.87302241
28,-2.05537273,-79.87302241
28,-2.05537273,-79.87302241
28,-2.17090135,-79.90002267
28,-2.17090135,-79.90002267
28,-2.17090135,-79.90002267
28,-2.05537273,-79.87302241
28,-2.14922699,-79.90884316
28,-2.19427652,-79.88305138
28,-2.05537273,-79.87302241
28,-2.05537273,-79.87302241
28,-2.19427652,-79.88305138
28,-2.10364245,-79.90430463
28,-2.05537273,-79.87302241
28,-2.05537273,-79.87302241
28,-2.05537273,-79.87302241
28,-2.05537273,-79.87302241
28,-2.05537273,-79.87302241
28,-2.05537273,-79.87302241
28,-2.05537273,-79.87302241
28,-2.19427652,-79.88305138
28,-2.11896614,-79.90120889
28,-2.05537273,-79.87302241
28,-2.05537273,-79.87302241
28,-2.17090135,-79.90002267
28,-2.17090135,-79.90002267
28,-2.17090135,-79.90002267
28,-2.05537273,-79.87302241
28,-2.05537273,-79.87302241
28,-2.05537273,-79.87302241
28,-2.05537273,-79.87302241
28,-2.16059568,-79.89082371
28,-2.17090135,-79.90002267
28,-2.05537273,-79.87302241
28,-2.05537273,-79.87302241
28,-2.05537273,-79.87302241
28,-2.05537273,-79.87302241
28,-2.18333333,-79.88333333
28,-2.05537273,-79.87302241
28,-2.17090135,-79.90002267
28,-2.17090135,-79.90002267
28,-2.11607568,-79.87244797
28,-2.05537273,-79.87302241
28,-1.95,-79.7333
28,-2.17090135,-79.90002267
28,-2.17090135,-79.90002267
28,-2.05537273,-79.87302241
28,-2.05451065,-79.87504156
28,-2.18333333,-79.88333333
28,-2.0551232,-79.87363035
28,-2.0551232,-79.87363035
28,-2.17100022,-79.90010965
28,-2.0551232,-79.87363035
28,-2.0551232,-79.87363035
28,-2.17100022,-79.90010965
28,-2.1159369,-79.87218911
28,-2.1159369,-79.87218911
28,-2.0551232,-79.87363035
28,-2.17100022,-79.90010965
28,-2.17100022,-79.90010965
28,-2.0551232,-79.87363035
28,-2.0551232,-79.87363035
28,-2.0551232,-79.87363035
28,-2.17100022,-79.90010965
28,-2.0551232,-79.87363035
28,-2.17100022,-79.90010965
28,-2.11896614,-79.90120889
28,-2.11896614,-79.90120889
28,-2.11896614,-79.90120889
28,-2.17100022,-79.90010965
28,-2.0551232,-79.87363035
28,-2.0551232,-79.87363035
28,-2.17100022,-79.90010965
28,-2.17100022,-79.90010965
28,-2.0551232,-79.87363035
28,-2.17100022,-79.90010965
28,-2.17100022,-79.90010965
28,-2.17100022,-79.90010965
28,-2.0551232,-79.87363035
28,-2.17100022,-79.90010965
28,-2.0551232,-79.87363035
28,-2.17100022,-79.90010965
28,-2.17100022,-79.90010965
28,-2.0551232,-79.87363035
28,-2.0551232,-79.87363035
28,-2.17100022,-79.90010965
28,-2.11896614,-79.90120889
28,-2.14929205,-79.90765606
28,-2.17100022,-79.90010965
28,-2.03926433,-79.91098216
28,-2.0551232,-79.87363035
28,-2.0551232,-79.87363035
28,-2.17100022,-79.90010965
28,-2.0551232,-79.87363035
28,-2.17100022,-79.90010965
28,-2.17100022,-79.90010965
28,-2.0551232,-79.87363035
28,-2.0551232,-79.87363035
28,-2.17100022,-79.90010965
28,-2.0551232,-79.87363035
28,-2.0551232,-79.87363035
28,-2.11896614,-79.90120889
28,-2.17100022,-79.90010965
28,-2.17100022,-79.90010965
28,-2.0551232,-79.87363035
28,-2.0551232,-79.87363035
28,-2.0551232,-79.87363035
28,-2.17100022,-79.90010965
28,-2.17100022,-79.90010965
28,-2.0551232,-79.87363035
28,-2.0551232,-79.87363035
28,-2.17100022,-79.90010965
28,-2.17100022,-79.90010965
28,-2.14929205,-79.90765606
28,-2.17100022,-79.90010965
28,-2.0551232,-79.87363035
28,-2.0551232,-79.87363035
28,-2.0551232,-79.87363035
28,-2.0551232,-79.87363035
28,-2.0551232,-79.87363035
28,-2.11896614,-79.90120889
28,-2.17100022,-79.90010965
28,-2.17100022,-79.90010965
28,-2.17100022,-79.90010965
28,-2.17100022,-79.90010965
28,-2.11896614,-79.90120889
28,-2.17100022,-79.90010965
28,-2.0551232,-79.87363035
28,-2.0551232,-79.87363035
28,-2.0551232,-79.87363035
28,-2.0551232,-79.87363035
28,-2.17100022,-79.90010965
28,-2.17100022,-79.90010965
28,-2.17100022,-79.90010965
28,-2.0551232,-79.87363035
28,-2.09833881,-79.87505045
28,-2.0551232,-79.87363035
28,-2.0551232,-79.87363035
28,-2.0551232,-79.87363035
28,-2.0551232,-79.87363035
28,-2.0551232,-79.87363035
28,-2.17100022,-79.90010965
28,-2.17100022,-79.90010965
28,-2.0551232,-79.87363035
28,-1.8687921,-79.979538
28,-2.0551232,-79.87363035
28,-2.1249822,-79.92545395
28,-2.17100022,-79.90010965
28,-2.0551232,-79.87363035
28,-2.0551232,-79.87363035
28,-2.0551232,-79.87363035
28,-2.17100022,-79.90010965
28,-2.0551232,-79.87363035
28,-2.17100022,-79.90010965
28,-1.8687937,-79.979538
28,-2.07316815,-79.84644938
28,-2.17100022,-79.90010965
28,-1.95,-79.7333
28,-2.0551232,-79.87363035
28,-2.0551232,-79.87363035
28,-2.0551232,-79.87363035
28,-2.17100022,-79.90010965
28,-2.09833881,-79.87505045
28,-2.11896614,-79.90120889
28,-2.0551232,-79.87363035
28,-2.11896614,-79.90120889
28,-2.17100022,-79.90010965
28,-2.17100022,-79.90010965
28,-2.0547242,-79.87466293
28,-2.0551232,-79.87363035
28,-2.0551232,-79.87363035
28,-2.0551232,-79.87363035
28,-2.17100022,-79.90010965
28,-2.17988,-79.89168
28,-2.0551232,-79.87363035
28,-2.0551232,-79.87363035
28,-2.0551232,-79.87363035
28,-2.0551232,-79.87363035
28,-2.17100022,-79.90010965
28,-2.1833,-79.8833
28,-2.0551232,-79.87363035
28,-2.11896614,-79.90120889
28,-2.0551232,-79.87363035
28,-2.05449297,-79.87434001
28,-2.0551232,-79.87363035
28,-2.0551232,-79.87363035
28,-2.11896614,-79.90120889
28,-2.1833,-79.8833
28,-2.17100022,-79.90010965
28,-2.17100022,-79.90010965
28,-2.0551232,-79.87363035
28,-2.16509,-79.89670012
28,-2.17100022,-79.90010965
28,-2.0551232,-79.87363035
28,-2.19422764,-79.88304665
28,-2.0551232,-79.87363035
28,-2.0551232,-79.87363035
28,-2.0551232,-79.87363035
28,-2.17100022,-79.90010965
29,-2.18034047,-79.98382176
29,-2.18034047,-79.98382176
29,-2.18034047,-79.98382176
29,-2.18034047,-79.98382176
29,-2.18034047,-79.98382176
29,-2.18034047,-79.98382176
29,-2.18034047,-79.98382176
29,-2.18034047,-79.98382176
29,-2.18034047,-79.98382176
29,-2.18034047,-79.98382176
29,-2.18034047,-79.98382176
29,-2.18034047,-79.98382176
29,-2.18034047,-79.98382176
29,-2.18034047,-79.98382176
29,-2.18034047,-79.98382176
29,-2.18034047,-79.98382176
29,-2.18034047,-79.98382176
29,-2.18034047,-79.98382176
29,-2.18034047,-79.98382176
29,-2.18034047,-79.98382176
29,-2.18034047,-79.98382176
29,28.35190457,-81.65946649
29,28.33132751,-81.61421836
29,-2.18034047,-79.98382176
29,-2.89661045,-79.00251741
29,-2.18034047,-79.98382176
29,-2.18034047,-79.98382176
29,-2.18034047,-79.98382176
29,-2.18034047,-79.98382176
29,-2.18034047,-79.98382176
29,-2.18034047,-79.98382176
29,-2.18034047,-79.98382176
29,-2.18034047,-79.98382176
29,-2.18034047,-79.98382176
29,-2.18317569,-79.98660341
29,-2.17690641,-79.94167352
29,-2.18034047,-79.98382176
29,-2.18034047,-79.98382176
29,-1.59345333,-80.858275
29,-1.59345333,-80.858275
29,-2.18034047,-79.98382176
29,-2.18317569,-79.98660341
29,-2.18039436,-79.98381992
29,-2.1805195,-79.98389452
29,-2.1805195,-79.98389452
29,-2.1805195,-79.98389452
29,-2.1805195,-79.98389452
29,-2.1805195,-79.98389452
29,-2.1805195,-79.98389452
29,-2.1805195,-79.98389452
29,-2.1805195,-79.98389452
29,-2.1805195,-79.98389452
29,-2.1805195,-79.98389452
29,-2.1805195,-79.98389452
29,-2.1805195,-79.98389452
29,-2.1805195,-79.98389452
29,-2.1805195,-79.98389452
29,-2.1805195,-79.98389452
29,-2.1805195,-79.98389452
29,-2.1805195,-79.98389452
29,-2.1575,-79.88361111
29,-12.0433,-77.0283
29,-2.18384798,-79.98332493
29,-2.17082234,-79.91078379
29,-2.1813935,-79.98392018
29,-2.1813935,-79.98392018
29,-2.1782863,-79.98332262
29,-2.1782863,-79.98332262
29,-2.18845466,-79.96632072
29,-2.18115622,-79.98383605
29,-2.18115622,-79.98383605
29,-2.1782863,-79.98332262
29,-2.1782863,-79.98332262
29,-2.1782863,-79.98332262
29,-2.18115622,-79.98383605
29,-2.18115622,-79.98383605
29,-2.13202027,-79.88088939
29,-2.18115622,-79.98383605
29,-2.18115622,-79.98383605
29,-2.18115622,-79.98383605
29,-2.18115622,-79.98383605
29,-2.18115622,-79.98383605
29,-2.18115622,-79.98383605
29,-2.18115622,-79.98383605
29,-2.18115622,-79.98383605
29,-2.18115622,-79.98383605
29,-2.036154,-79.891639
29,-2.18115622,-79.98383605
29,-2.17083914,-79.91083089
29,-2.1782863,-79.98332262
29,-2.1616027,-79.91648897
29,-2.18845466,-79.96632072
29,-2.17815653,-79.98424024
29,-2.18174009,-79.98392349
29,-2.1782863,-79.98332262
29,-2.18174009,-79.98392349
29,-2.18839834,-79.96660224
29,-2.18174009,-79.98392349
29,-2.18174009,-79.98392349
29,-2.15629273,-79.89172859
29,-2.1563417,-79.8915071
29,-2.1563417,-79.8915071
30,-2.14175406,-79.8659413
30,-2.13232318,-79.90105875
30,-2.13232318,-79.90105875
30,-2.13232318,-79.90105875
30,-2.1787506,-79.87606097
30,-2.02380905,-79.86629924
30,-2.03590535,-79.89676211
30,-2.03590535,-79.89676211
30,-0.60284596,-80.42594306
30,-2.1833,-79.8833
31,-0.25,-78.5833
31,-1.24166667,-78.61972222
32,-2.18695986,-79.8970485
32,-2.19123565,-79.89388362
32,-2.189739,-79.894975
32,-2.189739,-79.894975
32,-2.1367719,-79.8995688
32,-2.189739,-79.894975
32,-2.1367719,-79.8995688
33,-2.16206417,-79.89988813
33,-2.16206417,-79.89988813
33,-2.16206417,-79.89988813
33,-2.16206417,-79.89988813
33,-2.16206417,-79.89988813
33,-2.14450828,-79.86278942
33,-2.14450828,-79.86278942
33,-2.16206417,-79.89988813
33,-2.21995297,-80.92197226
33,-2.21995297,-80.92197226
33,-2.16206417,-79.89988813
33,-2.17783572,-79.89257584
33,-2.16206417,-79.89988813
33,-2.16206417,-79.89988813
33,-2.17783572,-79.89257584
33,-2.16206417,-79.89988813
33,-2.16206131,-79.89984421
33,-2.16206131,-79.89984421
33,-2.10383859,-79.90417216
33,-2.16206131,-79.89984421
33,-2.15001,-79.88953
33,-2.16206131,-79.89984421
33,-2.14803024,-79.88383708
33,23.10898722,-82.44236145
33,23.10898722,-82.44236145
33,22.9974038,-82.40741514
33,-2.14450828,-79.86278942
33,-2.16206131,-79.89984421
33,-2.14450828,-79.86278942
33,-2.16206131,-79.89984421
33,-2.16855082,-79.90693909
33,-2.16206131,-79.89984421
33,-2.14450828,-79.86278942
33,-2.14450828,-79.86278942
33,-2.16206131,-79.89984421
34,-2.122708,-79.959533
34,-2.15110246,-79.90664992
35,-2.09167737,-79.9347035
35,-2.09167737,-79.9347035
35,-2.09167737,-79.9347035
35,-2.02121806,-79.87080869
35,-2.09167737,-79.9347035
35,-2.09167737,-79.9347035
35,-2.1833,-79.8833
35,-2.09167737,-79.9347035
35,-2.1833,-79.8833
35,-2.1833,-79.8833
35,-2.09167737,-79.9347035
35,-2.09167737,-79.9347035
35,-2.1833,-79.8833
35,-2.02121806,-79.87080869
35,-2.09167737,-79.9347035
35,-2.09167737,-79.9347035
35,-2.09167737,-79.9347035
35,-2.1833,-79.8833
35,-2.09167737,-79.9347035
35,-2.09167737,-79.9347035
35,-2.09167737,-79.9347035
35,-2.0859353,-79.93274147
35,-2.10925963,-79.94893082
35,-2.09167737,-79.9347035
35,-2.09167737,-79.9347035
35,-2.09167737,-79.9347035
35,-2.09167737,-79.9347035
35,-2.09167737,-79.9347035
35,-2.09167737,-79.9347035
35,-2.1833,-79.8833
35,-2.1833,-79.8833
35,-2.1833,-79.8833
35,-2.1833,-79.8833
35,-2.1833,-79.8833
35,-2.1833,-79.8833
35,-2.09167737,-79.9347035
35,-2.1833,-79.8833
35,-2.09167737,-79.9347035
35,-2.1833,-79.8833
35,-2.1833,-79.8833
35,-2.1833,-79.8833
35,-2.09167737,-79.9347035
35,-2.09167737,-79.9347035
35,-2.09167737,-79.9347035
35,-2.1833,-79.8833
35,-2.1833,-79.8833
35,-2.09167737,-79.9347035
35,-2.1833,-79.8833
35,-2.1833,-79.8833
35,-2.1833,-79.8833
35,-2.02121806,-79.87080869
35,-2.1833,-79.8833
35,-2.09170124,-79.93443996
35,-2.02121806,-79.87080869
35,-2.0581782,-79.87559687
35,-2.1833,-79.8833
35,-2.09916555,-79.93566014
35,-2.1833,-79.8833
35,-2.09170124,-79.93443996
35,-2.09170124,-79.93443996
36,-2.15670012,-79.89278571
36,-2.20122474,-79.88246327
36,-2.14068384,-79.88010859
36,-2.10346809,-79.90597515
36,-2.1184401,-79.88791553
36,-2.1886301,-79.9225769
36,-2.1184401,-79.88791553
36,-2.15540899,-79.89225946
36,-2.10346809,-79.90597515
36,-2.15617895,-79.89229658
36,-2.15540899,-79.89225946
36,-2.16435276,-79.89573951
36,-2.14607183,-79.8912253
36,-2.15670012,-79.89278571
36,-2.15617895,-79.89229658
36,-2.15617895,-79.89229658
36,-2.15670012,-79.89278571
36,-2.15670012,-79.89278571
36,-2.15670012,-79.89278571
36,-2.1184401,-79.88791553
36,-2.10346809,-79.90597515
36,-2.10346809,-79.90597515
36,-2.1184401,-79.88791553
36,-2.1184401,-79.88791553
36,-2.10346809,-79.90597515
36,-2.11987393,-79.8887788
36,-2.15617895,-79.89229658
36,-2.15617895,-79.89229658
36,-2.15617895,-79.89229658
36,-2.10346809,-79.90597515
36,-2.1566582,-79.89277315
36,-2.15617895,-79.89229658
36,-2.14607183,-79.8912253
36,-2.13810395,-79.90532217
36,-2.12039549,-79.89953391
36,-2.15791769,-79.89705511
36,-2.12039549,-79.89953391
36,-2.12039549,-79.89953391
36,-2.12039549,-79.89953391
36,-2.12039549,-79.89953391
36,-2.1563417,-79.8915071
36,-2.1646262,-79.89599497
36,-2.1566582,-79.89277315
36,-2.1566582,-79.89277315
36,-2.1646262,-79.89599497
36,-2.16410653,-79.89653597
36,-2.15525696,-79.8922751
36,-2.15473474,-79.89291922
36,-2.17118048,-79.90959754
36,-2.12039549,-79.89953391
36,-2.12039549,-79.89953391
36,-2.12039549,-79.89953391
36,-2.12039549,-79.89953391
36,-2.18621451,-79.89983107
36,-2.15617895,-79.89229658
36,-2.15617895,-79.89229658
36,-2.15617895,-79.89229658
36,-2.1566582,-79.89277315
36,-2.15617895,-79.89229658
36,-2.10364245,-79.90430463
36,-2.12039549,-79.89953391
36,-2.15617895,-79.89229658
36,-2.12039549,-79.89953391
36,-2.15617895,-79.89229658
36,-2.15617895,-79.89229658
36,-2.1566582,-79.89277315
36,-2.15525792,-79.89226833
36,-2.11607568,-79.87244797
36,-2.15667631,-79.89277565
36,-2.15621028,-79.89225489
36,-2.15525792,-79.89226833
36,-2.11981231,-79.89736101
36,-2.15667631,-79.89277565
36,-2.11981231,-79.89736101
36,-2.11978065,-79.89739674
36,-2.11978065,-79.89739674
36,-2.15113161,-79.89180587
36,-2.24756136,-79.9016051
36,-2.1833,-79.8833
36,-2.15667631,-79.89277565
36,-2.15621028,-79.89225489
36,-2.11978065,-79.89739674
36,-2.11978065,-79.89739674
37,-2.1994731,-79.9068017
37,-2.1994823,-79.906848
37,-2.1994749,-79.9068349
37,-2.1994749,-79.9068349
37,-2.1994828,-79.9068345
37,-2.1994763,-79.9068339
37,-2.1994763,-79.9068339
37,-2.1994668,-79.9068312
37,-1.82678953,-80.75295715
38,-0.2662095,-78.5352762
38,-0.2661167,-78.535161
38,-0.2662416,-78.5353054
38,-0.2662104,-78.5352745
39,-0.27467,-79.16419
39,38.1146926,-122.24531103
40,-2.19453974,-79.88109778
40,-2.19453974,-79.88109778
40,-2.19453974,-79.88109778
40,-2.19453974,-79.88109778
40,-2.192331,-79.88149075
40,-2.14800124,-79.86461595
40,-2.1833,-79.8833
40,-2.1833,-79.8833
40,-2.1833,-79.8833
40,-2.1833,-79.8833
40,-2.1833,-79.8833
40,-2.1833,-79.8833
40,-2.1833,-79.8833
40,-2.1833,-79.8833
40,-2.1833,-79.8833
40,-2.1833,-79.8833
40,-2.1833,-79.8833
40,-2.1833,-79.8833
40,25.84336494,-80.32411004
40,-2.18477785,-79.8757048
40,-2.1833,-79.8833
40,-2.1833,-79.8833
40,-2.1833,-79.8833
40,-2.1833,-79.8833
40,-2.1833,-79.8833
40,-2.1833,-79.8833
40,-2.1833,-79.8833
40,-2.1833,-79.8833
40,-2.1833,-79.8833
40,-2.1833,-79.8833
40,-2.19097166,-79.88414827
40,-2.1833,-79.8833
40,-2.1833,-79.8833
40,-2.1833,-79.8833
40,-2.1833,-79.8833
40,-2.1833,-79.8833
40,-2.1833,-79.8833
40,-2.1833,-79.8833
40,-2.1833,-79.8833
40,-2.1833,-79.8833
40,-2.1833,-79.8833
40,-2.1833,-79.8833
40,-2.1833,-79.8833
40,-2.1833,-79.8833
40,-2.1833,-79.8833
40,-2.1833,-79.8833
40,-2.18445309,-79.87555725
40,-2.18445309,-79.87555725
40,-2.1833,-79.8833
40,-2.1833,-79.8833
40,-2.1833,-79.8833
40,-2.2135514,-79.88892905
41,-2.13187271,-79.91077519
41,-2.92252356,-79.00988546
41,-2.8992,-79.0153
41,-2.8992,-79.0153
41,-2.8992,-79.0153
41,-2.66123924,-80.3751103
41,-2.66116414,-80.37331184
41,-2.04475382,-79.91428841
41,-2.64907934,-80.38154017
41,-2.13187271,-79.91077519
41,-2.64907934,-80.38154017
41,-2.13187271,-79.91077519
41,-2.13187271,-79.91077519
41,-2.190395,-79.88134354
41,-2.190395,-79.88134354
42,-1.237932,-78.619231
42,-1.24200306,-78.62701474
42,-1.23439674,-78.62610658
42,-1.23439674,-78.62610658
42,-1.24200306,-78.62701474
42,-1.24200306,-78.62701474
42,-1.24200306,-78.62701474
42,-1.24232681,-78.62936133
42,-1.24232681,-78.62936133
42,-1.24232681,-78.62936133
42,-1.23972596,-78.63123834
42,-1.23972596,-78.63123834
42,-1.24200306,-78.62701474
42,-1.2452499,-78.6043701
42,-1.24200306,-78.62701474
42,-1.24200306,-78.62701474
42,-17.771032,-63.187361
42,-1.26568406,-78.62423716
42,-1.23972596,-78.63123834
42,-1.23972596,-78.63123834
42,-1.23972596,-78.63123834
42,-1.2452499,-78.6043701
42,-1.24200306,-78.62701474
42,-1.241975,-78.626834
42,-1.241975,-78.626834
42,-1.24578887,-78.63080585
42,-1.24578887,-78.63080585
43,-34.6033,-58.3817
43,-34.6033,-58.3817
43,-34.6033,-58.3817
43,-34.6033,-58.3817
43,-34.5857239,-58.3932571
43,-34.5567498,-58.41400284
43,-32.85265103,-68.85065344
43,-27.4667,-58.8333
43,-32.85265103,-68.85065344
43,-32.85265103,-68.85065344
43,-32.85265103,-68.85065344
43,-32.85265103,-68.85065344
43,-32.88865611,-68.83795242
43,-32.85265103,-68.85065344
43,-32.85265103,-68.85065344
43,-32.85265103,-68.85065344
43,-32.85265103,-68.85065344
43,-32.85265103,-68.85065344
43,-32.85265103,-68.85065344
43,-32.85265103,-68.85065344
43,-32.85265103,-68.85065344
43,-32.85265103,-68.85065344
43,-32.85265103,-68.85065344
43,-32.85265103,-68.85065344
43,-32.85265103,-68.85065344
43,-32.85265103,-68.85065344
43,-32.85265103,-68.85065344
43,-32.85265103,-68.85065344
43,-32.85265103,-68.85065344
43,-32.85265103,-68.85065344
43,-32.85265103,-68.85065344
43,-32.85265103,-68.85065344
43,-32.85265103,-68.85065344
43,-32.85265103,-68.85065344
43,-32.85265103,-68.85065344
43,-32.85265103,-68.85065344
43,-32.85265103,-68.85065344
43,-32.88899905,-68.84651144
43,-32.85265103,-68.85065344
43,-32.85265103,-68.85065344
43,-32.85265103,-68.85065344
43,-32.85265103,-68.85065344
43,-32.85265103,-68.85065344
43,-32.85265103,-68.85065344
43,-32.85265103,-68.85065344
43,-32.8833,-68.8167
43,-2.0908765,-79.91416501
43,-2.1833,-79.8833
43,-2.0908765,-79.91416501
43,-2.1833,-79.8833
43,-2.0908765,-79.91416501
43,-2.0908765,-79.91416501
43,-2.1833,-79.8833
43,-2.0908765,-79.91416501
43,-2.0908765,-79.91416501
43,-2.0908765,-79.91416501
43,-2.0908765,-79.91416501
43,-2.1833,-79.8833
43,-2.08748238,-79.9149668
43,-2.08748238,-79.9149668
43,-2.09133654,-79.92152633
43,-2.08748238,-79.9149668
43,-2.08748238,-79.9149668
43,-2.24756136,-79.9016051
43,-2.1833,-79.8833
43,-2.08748238,-79.9149668
43,-2.1833,-79.8833
43,-2.1833,-79.8833
43,-2.08748238,-79.9149668
43,-2.1833,-79.8833
43,-2.1833,-79.8833
43,-2.08748238,-79.9149668
43,-2.08748238,-79.9149668
43,-2.08748238,-79.9149668
43,-2.08748238,-79.9149668
43,-2.08748238,-79.9149668
43,-2.08748238,-79.9149668
43,-2.08748238,-79.9149668
43,-2.08748238,-79.9149668
43,-2.08747866,-79.91513075
43,-2.08747866,-79.91513075
43,-2.1833,-79.8833
43,-2.24756136,-79.9016051
43,-2.1833,-79.8833
43,-2.09133654,-79.92152633
43,-2.08747866,-79.91513075
43,-2.08747866,-79.91513075
43,-2.1833,-79.8833
43,-2.08747866,-79.91513075
43,-2.08747866,-79.91513075
43,-2.08747866,-79.91513075
44,-2.20293547,-79.89285537
44,-2.1656301,-79.9129562
44,-2.1656301,-79.9129562
44,-2.1656301,-79.9129562
44,-2.1656301,-79.9129562
44,-2.20344844,-79.89301203
44,-2.1575,-79.88361111
44,-17.75606668,-63.19891293
44,-17.8,-63.1667
44,-17.75654358,-63.19889383
44,-17.8,-63.1667
44,-17.75654358,-63.19889383
44,-2.1656301,-79.9129562
44,-2.16395187,-79.91782919
44,-2.1656301,-79.9129562
44,-2.1656301,-79.9129562
44,-2.16395187,-79.91782919
44,-2.20344844,-79.89301203
44,-2.20344844,-79.89301203
44,-2.1656301,-79.9129562
44,-2.16395187,-79.91782919
44,-2.16395187,-79.91782919
44,-2.1656301,-79.9129562
44,-2.1656301,-79.9129562
44,-2.1656301,-79.9129562
44,-2.1656301,-79.9129562
44,-2.16395187,-79.91782919
44,-2.16395187,-79.91782919
44,-2.1656301,-79.9129562
44,-2.1656301,-79.9129562
44,-2.1656301,-79.9129562
44,-2.1656301,-79.9129562
44,-2.1656301,-79.9129562
44,-2.1656301,-79.9129562
44,-2.1656301,-79.9129562
44,-2.15736457,-79.8914177
44,-2.2146599,-79.8908081
44,-2.1656301,-79.9129562
44,-2.1656301,-79.9129562
44,-2.1656301,-79.9129562
44,-2.1656301,-79.9129562
44,-2.19172504,-80.98902004
44,-2.1656301,-79.9129562
44,-2.1656301,-79.9129562
44,-2.16142755,-79.89705392
44,-2.20344844,-79.89301203
44,-2.20344844,-79.89301203
44,-2.15736457,-79.8914177
44,-2.1656301,-79.9129562
44,-2.16387029,-79.91774165
44,-2.16387029,-79.91774165
44,-2.1656301,-79.9129562
44,-2.1656301,-79.9129562
44,-2.1656301,-79.9129562
44,-2.1656301,-79.9129562
44,-2.15736597,-79.89142628
44,-2.16386141,-79.91773483
44,-2.16386141,-79.91773483
44,-2.16386141,-79.91773483
44,-2.20344844,-79.89301203
44,-2.11391417,-79.856049
44,-2.1656301,-79.9129562
44,-2.18341513,-79.98596934
44,-2.16386141,-79.91773483
44,-2.1656301,-79.9129562
44,-2.16386141,-79.91773483
44,-2.1656301,-79.9129562
44,-2.20344844,-79.89301203
44,-2.1656301,-79.9129562
44,-2.1656301,-79.9129562
44,-2.16386141,-79.91773483
44,-2.1656301,-79.9129562
44,-2.15736597,-79.89142628
44,-2.1656301,-79.9129562
44,-2.16386141,-79.91773483
44,-2.1656301,-79.9129562
44,-2.1656301,-79.9129562
44,-2.16386141,-79.91773483
44,-2.15278,-79.8639
44,-2.17564215,-79.94385476
44,-2.1656301,-79.9129562
44,-2.1656301,-79.9129562
44,-2.21667,-80.9667
44,-2.16386141,-79.91773483
44,-2.20517639,-80.96378417
44,-2.16386141,-79.91773483
44,-2.16386141,-79.91773483
44,-2.1686085,-79.9181024
44,-2.1656301,-79.9129562
44,-2.16386141,-79.91773483
44,-2.16386141,-79.91773483
44,-2.20294281,-79.89284613
44,-2.1656301,-79.9129562
44,-2.1656301,-79.9129562
44,-2.20347898,-80.99701764
44,-2.16386141,-79.91773483
44,-2.1656301,-79.9129562
44,-2.1656301,-79.9129562
44,-2.16386141,-79.91773483
44,-2.21995297,-80.92197226
44,-2.15736597,-79.89142628
44,-2.16386141,-79.91773483
44,-2.1656301,-79.9129562
44,-2.16386141,-79.91773483
44,-2.1656301,-79.9129562
44,-2.16408511,-79.94569058
44,-2.1656301,-79.9129562
44,-1.80100999,-79.53820822
44,-2.203159,-79.892707
44,-2.16386141,-79.91773483
44,-2.16386141,-79.91773483
44,-2.1833,-79.8833
44,-2.16386141,-79.91773483
44,-2.16386141,-79.91773483
44,-2.1656301,-79.9129562
44,-2.16386141,-79.91773483
44,-2.1656301,-79.9129562
44,-2.1656301,-79.9129562
44,-2.16386141,-79.91773483
44,-2.15736597,-79.89142628
44,-2.16386141,-79.91773483
44,-2.1656301,-79.9129562
44,-2.1656301,-79.9129562
44,-2.1656301,-79.9129562
44,-2.1656301,-79.9129562
44,-2.1656301,-79.9129562
44,-2.20344844,-79.89301203
44,-2.16386141,-79.91773483
44,-2.16380998,-79.91779143
44,-2.16380998,-79.91779143
44,-2.15736036,-79.8914547
44,-2.16380998,-79.91779143
44,-2.1656301,-79.9129562
44,-2.16542714,-79.91338873
44,-2.16380998,-79.91779143
44,-2.203159,-79.892707
44,-2.1656301,-79.9129562
44,-2.16380998,-79.91779143
44,-2.15736036,-79.8914547
44,-2.16380202,-79.91777885
44,-2.1656301,-79.9129562
45,-3.25861769,-79.94391846
45,-3.25861769,-79.94391846
45,-3.250907,-79.95937
45,-3.66667,-79.65
45,-2.18247645,-79.89749998
45,-1.39567047,-78.42452261
45,-1.39793966,-78.42128272
45,-1.4,-78.41667
45,-3.26496176,-79.95760241
45,-2.18247645,-79.89749998
45,-2.17018026,-79.92206558
45,-2.17018026,-79.92206558
45,-2.16667,-79.9
45,-2.13500998,-79.89720756
45,-2.18247645,-79.89749998
45,-3.25861769,-79.94391846
45,-3.2675699,-80.00224381
45,-3.26667,-79.9667
45,-3.26496176,-79.95760241
45,-3.25997663,-79.95706894
45,-3.26267,-79.96053
45,-3.25879258,-79.95848616
45,-12.00189,-77.011
45,45.00003503,-93.46811523
45,-3.26667,-79.9667
45,-3.26667,-79.9667
45,-2.17018026,-79.92206558
46,-0.1117368,-78.5067727
46,-0.1117949,-78.5066816
46,-0.111848,-78.5065881
46,-0.1118334,-78.5066636
46,-0.1118347,-78.5066722
46,-0.1217213,-78.4705833
46,-0.121721,-78.4705833
46,-0.121722,-78.4705835
46,-0.1118079,-78.5066824
46,-0.1118236,-78.5066903
46,-0.1118445,-78.5067185
46,-0.1217365,-78.4705723
46,-0.1117917,-78.5066841
46,-0.1117139,-78.5066984
46,-0.111816,-78.5066554
46,-0.121537,-78.4706985
47,-2.249113,-79.90321864
47,-2.249113,-79.90321864
47,-2.249113,-79.90321864
47,-2.19432084,-79.88307695
47,-2.24875369,-79.90323504
47,-2.1381867,-79.9185864
47,-2.24875369,-79.90323504
47,-2.24875369,-79.90323504
47,-2.24896293,-79.90323504
47,-2.24896293,-79.90323504
47,-2.67949899,-80.35710228
47,-2.67949899,-80.35710228
47,-2.24831303,-79.90342091
47,-2.24238707,-79.89527106
47,-2.20518583,-80.97278782
47,-2.20518583,-80.97278782
47,-1.05782589,-80.47287587
47,-1.05782589,-80.47287587
47,-1.05782589,-80.47287587
47,-1.05782589,-80.47287587
47,-2.12677788,-79.90644389
47,-2.12677788,-79.90644389
47,-2.12677788,-79.90644389
47,-2.18759642,-79.88309683
47,-2.18759642,-79.88309683
47,-2.12316682,-79.96805895
47,-2.12316682,-79.96805895
47,-2.24672053,-79.90023787
47,-2.0326985,-79.91217458
47,-2.0326985,-79.91217458
47,-2.0326985,-79.91217458
47,-2.0326985,-79.91217458
47,-2.24672053,-79.90023787
47,-2.24672053,-79.90023787
47,-2.24672053,-79.90023787
47,-2.24672053,-79.90023787
47,-2.0326985,-79.91217458
47,-2.03265296,-79.91222846
47,-2.03265296,-79.91222846
47,-2.03264994,-79.91222332
47,-2.03265022,-79.91222312
47,-2.03265115,-79.91223415
47,-2.02947127,-79.90828514
47,-2.031553,-79.911183
48,-0.4739104,-76.9834873
48,-0.469574,-76.9878703
49,-0.29848862,-78.44388837
49,-0.29923281,-78.44385692
49,-1.24936122,-78.6376374
49,-1.24940547,-78.63837506
49,-1.24937933,-78.63755694
49,-1.24949076,-78.63841131
49,-0.30750585,-78.44351498
49,-0.29844667,-78.44387001
49,-1.24930648,-78.63791363
50,-2.16170853,-79.91295995
50,-2.12696974,-79.90643448
50,-2.12696974,-79.90643448
50,-2.32039791,-80.85279563
50,-2.21638728,-80.86641952
50,-2.03668408,-79.89617702
50,-2.08418909,-79.91684635
50,-1.6304583,-79.97979397
50,-1.86415806,-79.98230628
50,-1.82029828,-80.23077676
50,-1.0542246,-80.0100899
50,-1.0542246,-80.0100899
50,-2.16948721,-79.90949818
50,-2.2587557,-80.14948787
50,-2.1634921,-79.8977368
50,-3.3317452,-79.806535
50,-2.18586526,-79.92531217
50,-2.18502142,-79.87581699
50,18.45838732,-78.15117407
50,18.45838732,-78.15117407
50,18.45838732,-78.15117407
50,18.45838732,-78.15117407
50,18.45838732,-78.15117407
50,18.45838732,-78.15117407
50,18.30090112,-78.33792522
50,18.45838732,-78.15117407
50,-2.18216556,-79.88356421
50,-2.18216556,-79.88356421
50,-2.17477565,-79.88694395
50,-2.17477565,-79.88694395
50,-2.1886301,-79.9225769
50,-2.18589469,-79.92500725
50,-2.89676131,-79.00415153
50,-2.90201127,-79.00280102
50,-2.89676131,-79.00415153
50,-2.90969099,-79.03492567
50,-2.89676131,-79.00415153
50,-2.90969099,-79.03492567
50,-2.89676131,-79.00415153
50,-2.89403607,-79.05460885
50,-2.89403607,-79.05460885
50,-2.89403607,-79.05460885
50,-2.90969099,-79.03492567
50,-2.54104305,-78.87253505
50,-2.54104305,-78.87253505
50,-2.54104305,-78.87253505
50,-2.54104305,-78.87253505
50,-2.19125818,-79.88822729
50,-2.22867116,-80.93359014
50,-2.22867116,-80.93359014
50,-2.19849333,-80.98096345
50,-2.05697342,-80.73438566
50,-2.16349212,-79.89773651
50,-2.20156045,-78.84778343
50,-2.20156045,-78.84778343
50,-2.29176457,-78.9831958
50,-1.46916667,-78.8175
50,-1.46916667,-78.8175
50,-1.46916667,-78.8175
50,-2.29176457,-78.9831958
50,-2.16386092,-79.91958509
50,-2.13805693,-79.91217485
50,-2.13805693,-79.91217485
50,-2.13805693,-79.91217485
50,-2.20384996,-79.88928318
50,-2.15833138,-80.79425691
50,-2.15833138,-80.79425691
50,-2.15833138,-80.79425691
50,-1.97923851,-80.75372987
50,-1.97923851,-80.75372987
50,-2.16349212,-79.89773651
50,-2.15013327,-79.88976717
50,-2.1859092,-79.9257905
50,-2.13844,-79.9119
50,-2.09803742,-79.87515624
50,-3.26667,-79.9667
50,-2.17288896,-79.91428352
50,-0.25,-78.5833
50,-0.17752778,-78.47658333
50,-0.17752778,-78.47658333
50,-0.17752778,-78.47658333
50,-0.17752778,-78.47658333
50,-0.17760717,-78.47728552
50,-2.23322902,-79.8915642
50,-2.13844,-79.9119
50,-2.16405348,-79.92014206
50,-2.16405,-79.89679
50,-2.17607855,-79.90539908
51,25.76762681,-80.19044171
51,25.76762681,-80.19044171
51,25.76762681,-80.19044171
51,25.76868341,-80.18584802
51,25.7877,-80.2241
51,25.7877,-80.2241
51,25.7877,-80.2241
51,25.7877,-80.2241
51,25.7877,-80.2241
51,25.7877,-80.2241
51,25.7877,-80.2241
51,25.7877,-80.2241
51,25.764765,-80.189014
51,25.80292266,-80.19467812
51,25.80292266,-80.19467812
51,25.80292266,-80.19467812
51,25.80292266,-80.19467812
51,25.75692526,-80.37402862
51,25.7877,-80.2241
51,25.7877,-80.2241
51,25.7877,-80.2241
51,25.78973351,-80.26927912
51,-2.20108084,-79.88257591
51,-2.20108084,-79.88257591
52,-2.8992,-79.0153
52,-3.26667,-79.9667
52,-3.26667,-79.9667
52,-3.26426137,-79.94463918
53,10.0636,-69.3347
53,-0.25,-78.5833
53,-0.25,-78.5833
53,-0.25,-78.5833
53,-0.25,-78.5833
53,-0.25,-78.5833
53,-0.25,-78.5833
53,-0.25,-78.5833
53,-0.25,-78.5833
53,-0.25,-78.5833
53,-0.25,-78.5833
53,-0.25,-78.5833
53,-0.25,-78.5833
53,-0.25,-78.5833
53,-0.25,-78.5833
53,-0.25,-78.5833
53,-0.25,-78.5833
53,-0.25,-78.5833
53,-0.25,-78.5833
53,-0.25,-78.5833
53,-0.25,-78.5833
53,-0.25,-78.5833
53,-0.25,-78.5833
53,-0.25,-78.5833
53,-0.25,-78.5833
53,-0.25,-78.5833
53,-0.25,-78.5833
53,-0.25,-78.5833
53,-0.25,-78.5833
53,-0.25,-78.5833
53,-0.25,-78.5833
53,-0.25,-78.5833
53,-0.25,-78.5833
53,-0.25,-78.5833
53,-0.25,-78.5833
53,-0.25,-78.5833
53,-0.25,-78.5833
53,-0.25,-78.5833
53,-0.25,-78.5833
53,-0.25,-78.5833
53,-0.25,-78.5833
53,-0.25,-78.5833
53,-0.25,-78.5833
53,-0.25,-78.5833
53,-0.25,-78.5833
53,-0.25,-78.5833
53,-0.25,-78.5833
53,-0.25,-78.5833
53,-0.25,-78.5833
53,-0.25,-78.5833
53,-0.25,-78.5833
53,-0.25,-78.5833
53,-0.25,-78.5833
53,-0.25,-78.5833
53,-0.25,-78.5833
53,-0.25,-78.5833
53,-0.25,-78.5833
53,-0.25,-78.5833
53,-0.25,-78.5833
53,-0.25,-78.5833
53,-0.25,-78.5833
53,-0.25,-78.5833
53,-0.25,-78.5833
53,-0.25,-78.5833
53,-0.25,-78.5833
53,-0.25,-78.5833
53,-0.25,-78.5833
53,-0.25,-78.5833
53,-0.25,-78.5833
53,-0.25,-78.5833
53,-0.25,-78.5833
53,-0.25,-78.5833
53,-0.25,-78.5833
53,-0.25,-78.5833
53,-0.25,-78.5833
53,-0.25,-78.5833
53,-0.25,-78.5833
53,-0.25,-78.5833
53,-0.25,-78.5833
53,-0.25,-78.5833
53,-0.25,-78.5833
53,-0.25,-78.5833
53,-0.25,-78.5833
53,-0.25,-78.5833
53,-0.25,-78.5833
53,-0.25,-78.5833
53,-0.25,-78.5833
53,-0.25,-78.5833
53,-0.25,-78.5833
53,-0.25,-78.5833
53,-0.25,-78.5833
53,-0.25,-78.5833
53,-0.25,-78.5833
53,-0.25,-78.5833
53,-0.25,-78.5833
53,-0.25,-78.5833
53,-0.25,-78.5833
53,-0.25,-78.5833
53,-0.25,-78.5833
53,-0.25,-78.5833
53,-0.25,-78.5833
53,-0.25,-78.5833
53,-0.25,-78.5833
53,-0.25,-78.5833
53,-0.25,-78.5833
53,-0.25,-78.5833
53,-0.25,-78.5833
53,-0.25,-78.5833
53,-0.25,-78.5833
53,-0.25,-78.5833
53,-0.25,-78.5833
53,-0.25,-78.5833
53,-0.25,-78.5833
53,-0.25,-78.5833
53,-0.25,-78.5833
53,-0.25,-78.5833
53,-0.25,-78.5833
53,-0.25,-78.5833
54,-2.2308993,-79.89922785
54,-2.1616051,-79.9413797
54,-2.1616051,-79.9413797
54,-2.1616051,-79.9413797
54,-2.1616649,-79.9413166
54,-0.96667,-79.55
54,-2.1616051,-79.9413797
54,-2.17629997,-79.88041007
54,-1.88612237,-80.00873027
54,-2.16655458,-79.94174238
54,-2.16290693,-79.94258667
54,-2.161207,-79.9415273
54,-2.1612163,-79.941539
54,-2.16134759,-79.94139541
54,-0.01536,-78.4530106
54,-0.00233442,-78.45532451
54,-0.14493441,-78.49004357
54,-0.00404663,-78.45401575
54,-0.00220218,-78.45493413
54,-0.00404663,-78.45401575
54,-0.00217536,-78.45507187
54,-0.00274393,-78.45503783
54,-0.00274393,-78.45503783
54,-2.1614718,-79.9413301
54,0.0245275,-78.48261209
54,0.0237755,-78.480823
54,0.02522825,-78.48305788
54,-2.1614718,-79.9413301
54,-0.00156775,-78.45495764
54,-0.00267919,-78.45442221
54,-0.20414918,-78.4906438
54,-0.00209775,-78.45519293
54,-2.1614928,-79.9413607
54,-2.19056413,-79.8848101
54,-2.19667499,-79.88052673
54,-1.83333,-79.8
54,-2.10346809,-79.90597515
54,-2.10346809,-79.90597515
54,-2.10346809,-79.90597515
54,-2.16670825,-79.89461699
54,-2.1194571,-79.89123522
54,-1.83333,-79.8
54,-1.83333,-79.8
54,-1.83333,-79.8
54,-2.16290693,-79.94258667
54,37.5574688,-122.02477117
54,9.8,-72.3833
54,37.5574688,-122.02477117
54,-33.40344214,-70.74250828
54,9.8,-72.3833
54,-2.2822206,-79.88146761
54,-41.4584778,-72.9405096
54,-2.16124157,-79.90384119
54,-41.4584778,-72.9405096
54,-2.1445601,-79.9170609
54,-1.83333,-79.8
54,42.247791,-73.781868
54,-2,-77.5
54,-2.18586526,-79.92531217
54,-2.1833,-79.8833
54,-2.1833,-79.8833
54,-2.23322902,-79.8915642
54,-2.23322902,-79.8915642
54,-2.23322902,-79.8915642
54,-2.23322902,-79.8915642
54,-2.23322902,-79.8915642
54,-2.23322902,-79.8915642
54,-2.23322902,-79.8915642
54,-2.23322902,-79.8915642
54,-2.1367719,-79.8995688
55,-1.0456372,-80.4614979
55,-0.48129585,-76.9819514
55,-0.4571178,-76.99319302
55,-0.48129585,-76.9819514
56,39.45191505,-0.358289
56,39.86005061,-4.02314646
56,41.15,-8.61667
56,39.45191505,-0.358289
56,52.37755668,4.91854745
56,41.89016944,12.49226944
56,41.90244526,12.53527431
56,41.37254446,2.15350384
56,41.37248005,2.15355748
56,41.37248005,2.15355748
56,39.33166667,-0.35222222
56,39.4590692,-0.35576606
56,40.5833,-4.11667
56,48.85764909,2.41559827
56,41.89370598,12.50344543
56,40.47222222,-3.56083333
56,25.74900768,-80.20288914
56,39.67494339,2.68786212
56,39.49127256,-0.47279298
56,-0.25,-78.5833
56,41.46432484,2.17745523
56,-2.68727626,-80.34606959
56,-2.68727626,-80.34606959
56,-3.26146518,-79.27688419
56,-3.26146518,-79.27688419
57,-0.25,-78.5833
57,-0.25,-78.5833
57,-0.12070712,-78.49839315
58,-2.1584212,-79.9209274
58,-2.1833,-79.8833
58,-2.1390984,-79.9075412
58,-2.16388887,-79.91967043
58,-2.1390967,-79.907625
58,-2.1583793,-79.9209338
58,-2.1833,-79.8833
58,-2.1390652,-79.9076163
58,-2.1391506,-79.907686
58,-2.1391256,-79.9077691
58,-2.13902067,-79.90811349
58,-2.1833,-79.8833
58,-2.1584473,-79.9210277
58,-2.1583606,-79.9209045
58,-2.2201506,-79.8866327
58,-2.192331,-79.88149075
58,-2.194061,-79.879874
58,-2.1833,-79.8833
58,-2.1390449,-79.9082613
58,-2.1390093,-79.9082393
58,-2.1390441,-79.9082602
58,-2.1589719,-79.9216344
58,-2.2198874,-79.8881603
58,-2.1583612,-79.9207596
58,-2.1583614,-79.9207594
58,-2.1587257,-79.9217141
58,-2.1587211,-79.921239
58,-2.1587874,-79.9213224
58,-2.1587193,-79.9212421
58,-2.1587615,-79.9213297
58,-2.158534,-79.921036
58,-2.1586935,-79.9214436
58,-2.1589648,-79.9215933
58,-2.1589605,-79.9216539
58,-2.1833,-79.8833
58,-2.1833,-79.8833
58,-2.158757,-79.9213592
58,-2.0343824,-79.8976523
58,-2.1587427,-79.921316
58,-2.1390517,-79.9082236
58,-2.1390252,-79.9082573
58,-2.1390471,-79.9082346
58,-2.1583901,-79.9210743
58,-2.1582789,-79.9208625
59,-12.07731047,-77.08239631
59,-12.09750629,-77.02017278
59,-12.07688234,-77.08162308
60,-1.02072155,-80.46935402
60,-1.05614777,-80.45157497
60,-1.05614777,-80.45157497
60,-1.02248825,-80.4651587
60,-1.02087261,-80.46897113
60,-1.02072155,-80.46935402
61,-2.19762014,-79.91141609
61,-2.19096884,-79.88899398
61,-2.1976099,-79.906601
61,-2.1976099,-79.906601
61,-2.1976099,-79.906601
61,-2.1430891,-79.87951671
61,-2.14305637,-79.87950758
61,-2.1833,-79.8833
61,-2.19979068,-79.91030766
61,-2.19979068,-79.91030766
61,-2.1998655,-79.9104269
61,-2.1998655,-79.9104269
61,-2.1998655,-79.9104269
61,-2.1998655,-79.9104269
61,-2.14820936,-79.86651333
61,-2.1998655,-79.9104269
61,-2.14820936,-79.86651333
61,-2.14820936,-79.86651333
61,-2.14820936,-79.86651333
61,-2.14820936,-79.86651333
61,-2.14820936,-79.86651333
61,-2.1998655,-79.9104269
61,-2.1998655,-79.9104269
61,-2.14820936,-79.86651333
61,-2.14820936,-79.86651333
62,-0.98214158,-80.68615501
62,-0.9821301,-80.68623307
63,-2.09133654,-79.92152633
63,-2.24529178,-79.89428577
64,-2.12773822,-79.59273085
64,-2.46667,-78.1667
64,-2.90679422,-79.03527506
64,-2.9169826,-78.9974308
64,-2.90911691,-79.04013295
64,-2.90911691,-79.04013295
64,-2.89577289,-79.02623688
64,-0.29653054,-76.85860071
64,-2.89577289,-79.02623688
64,-2.90074314,-79.00441692
64,-2.9169826,-78.9974308
64,-2.9179377,-79.04714334
64,-2.90074314,-79.00441692
64,-2.90100805,-79.02836558
64,-2.9181957,-79.0469107
64,-2.90048869,-79.0282729
64,-2.8992,-79.0153
64,-2.8992,-79.0153
64,-2.9179377,-79.04714334
64,-2.91745379,-78.99712904
64,-2.8964952,-79.00343107
64,-2.8964952,-79.00343107
64,-2.91995979,-79.05501209
64,-2.91745379,-78.99712904
64,-2.9169826,-78.9974308
64,-2.9169826,-78.9974308
64,-2.9169826,-78.9974308
64,-1.98948272,-79.60542387
64,-2.11158622,-79.91046112
64,-2.11158622,-79.91046112
65,-11.975689,-76.770661
65,-11.94717756,-76.70744419
65,-12.14825617,-77.02025414
65,-12.08138996,-77.06220281
65,-12.048172,-77.028385
65,-12.12094252,-77.03347206
65,-12.9058186,-76.50838725
65,-12.05131405,-77.02531241
65,-12.04680582,-77.02403034
65,-12.05629384,-77.11888975
65,-12.0605167,-77.09942802
65,-12.035536,-77.008489
65,-12.0484232,-77.02852031
65,-12.0880919,-77.0318146
65,-5.1904702,-80.6666107
65,-3.69604614,-80.70538298
65,-3.69604614,-80.70538298
65,-3.69609589,-80.70541763
65,-3.56837273,-80.4583434
65,-3.26108155,-79.95418641
65,-2.90704371,-79.70665219
65,-2.16763937,-79.8462589
65,-2.21620667,-80.86623432
65,-1.82669856,-80.7531692
65,-1.83333,-80.75
65,-4.90555785,-80.70101212
65,-1.83333,-80.75
65,-1.82692142,-80.7534371
65,-1.82518421,-80.75419203
65,-1.826167,-80.752476
65,-2.14294999,-79.87953186
65,-2.1833,-79.8833
65,-5.19838599,-80.63081359
65,-5.19707379,-80.62660217
65,-5.2,-80.6333
65,-1.82692142,-80.7534371
65,-2.23333,-80.85
65,-1.8266036,-80.7527314
66,-2.16738374,-79.93935546
66,-2.16447,-79.91844
67,-2.1625414,-79.9368242
67,-2.1625947,-79.9369109
67,-2.1625414,-79.9368242
67,-2.1625585,-79.9369127
67,-2.1625585,-79.9369127
68,-0.96381979,-80.70271387
68,-0.94653,-80.72431
68,-0.94685639,-80.73725581
68,-0.94685639,-80.73725581
68,-0.964616,-80.758294
68,-0.95002222,-80.7162
68,-0.94722697,-80.72178628
68,-0.94567039,-80.72271887
68,-0.96381979,-80.70271387
68,-0.95002222,-80.7162
68,-0.29726469,-78.48036049
68,-0.2972164,-78.4810478
68,-0.2200111,-78.51206469
68,-0.94567039,-80.72271887
68,-0.95002222,-80.7162
68,-0.96381979,-80.70271387
68,-0.96381979,-80.70271387
68,-0.9484687,-80.73754788
68,-0.94764547,-80.7366817
68,-0.96381979,-80.70271387
68,-0.95002222,-80.7162
68,-0.96381979,-80.70271387
68,-0.94764547,-80.7366817
68,-0.94764547,-80.7366817
68,-0.95261212,-80.69537092
68,-0.95261212,-80.69537092
68,-0.9430063,-80.4578183
68,-0.97754693,-80.84068346
68,-0.9524171,-80.72620665
68,-0.9509919,-80.7195568
68,-0.95261212,-80.69537092
68,-0.95261212,-80.69537092
68,-0.94755961,-80.73695998
68,-0.94755961,-80.73695998
68,-0.95002222,-80.7162
68,-0.96383224,-80.70261742
68,-0.95883,-80.68754
68,-0.94628452,-80.73705441
68,-0.94772884,-80.73302043
68,-0.96640885,-80.70576585
68,-0.96383224,-80.70261742
68,-0.95002222,-80.7162
68,-0.95264812,-80.69520226
68,-2.17886111,-79.89436944
68,-2.25106904,-79.90226765
68,-0.94755961,-80.73695998
68,-0.95263517,-80.69517729
68,-0.95263517,-80.69517729
68,-0.95263517,-80.69517729
69,-3.5327648,-80.17917027
69,-3.25997663,-79.95706894
69,-3.25997663,-79.95706894
69,-3.26078658,-79.95863683
69,-3.2601264,-79.9597812
69,-3.26667,-79.9667
69,-3.26667,-79.9667
69,-3.26667,-79.9667
69,-3.26667,-79.9667
69,-3.26667,-79.9667
69,-3.26667,-79.9667
69,-3.26667,-79.9667
69,-2.1833,-79.8833
69,0.82959746,-77.6291232
69,0.805333,-77.585989
69,0.80595982,-77.58472678
69,0.82676319,-77.63154843
69,0.82959746,-77.6291232
69,0.38399,-78.1251678
69,-3.26667,-79.9667
69,-3.26667,-79.9667
69,-3.25997663,-79.95706894
69,-3.3106962,-79.85326783
69,-3.3037884,-79.89180397
69,-0.966667,-79.55
69,-2.12751704,-79.90618298
69,-2.12578744,-79.89739414
69,-3.25997663,-79.95706894
69,-2.17042,-79.9089
69,-2.1833,-79.8833
69,-2.12593023,-79.89726218
69,-3.26667,-79.9667
69,-2.1833,-79.8833
69,-2.12593023,-79.89726218
69,-2.12593023,-79.89726218
69,-2.12593023,-79.89726218
69,-2.14273239,-79.89111196
70,-2.170266,-79.943969
70,-2.170266,-79.943969
70,-2.170266,-79.943969
70,-2.1703626,-79.9430079
70,-2.170266,-79.943969
71,-4.0978189,-81.04951136
71,-12.04318,-77.02824
71,-4.10417,-81.0458
71,-1.83333333,-80.75
71,-13.9667,-66.2003
71,-1.83333333,-80.75
71,-1.83333333,-80.75
71,-15.59722222,-71.87916667
71,-0.2199006,-78.51189781
71,-1.83333333,-80.75
71,-0.25,-78.5833
71,-0.68416667,-78.43722222
72,10.2439832,-67.5599816
72,10.5,-66.91667
72,45.49789245,-73.57717347
73,-0.16182331,-78.49762709
73,-0.15508556,-78.50380536
73,-0.21106982,-78.50379126
74,-2.12375868,-79.90521669
74,-2.12375868,-79.90521669
74,-2.12375868,-79.90521669
74,-2.12375868,-79.90521669
74,-2.12375868,-79.90521669
74,-2.12375868,-79.90521669
74,-2.12375868,-79.90521669
74,-2.12375868,-79.90521669
74,-2.12375868,-79.90521669
74,-2.12375868,-79.90521669
74,-2.12375868,-79.90521669
74,-2.12375868,-79.90521669
74,-2.12375868,-79.90521669
74,-2.12375868,-79.90521669
74,-2.12375868,-79.90521669
74,-2.12375868,-79.90521669
74,-2.12375868,-79.90521669
74,-2.12375868,-79.90521669
74,-2.12375868,-79.90521669
74,-2.12375868,-79.90521669
74,-2.12375868,-79.90521669
74,-2.12375868,-79.90521669
74,-2.12375868,-79.90521669
75,-2.09133988,-79.92149853
75,-2.09133988,-79.92149853
75,-2.09133988,-79.92149853
75,-2.09133988,-79.92149853
75,-2.09133988,-79.92149853
75,-2.09133988,-79.92149853
75,-2.09133988,-79.92149853
75,-2.09133988,-79.92149853
75,-2.09133988,-79.92149853
75,-2.09133988,-79.92149853
75,-2.09133988,-79.92149853
75,-2.09133988,-79.92149853
75,-2.09133988,-79.92149853
75,-2.09133988,-79.92149853
75,-2.09133988,-79.92149853
75,-2.09133988,-79.92149853
75,-2.09133988,-79.92149853
75,-2.09133988,-79.92149853
75,-2.09133988,-79.92149853
75,-2.09133988,-79.92149853
75,-2.09133988,-79.92149853
75,-2.09133988,-79.92149853
75,-2.09133988,-79.92149853
75,-2.09133988,-79.92149853
75,-2.09133988,-79.92149853
75,-2.08459107,-79.91745083
75,-2.09133988,-79.92149853
75,-2.09133988,-79.92149853
75,-2.09133988,-79.92149853
75,-2.09133988,-79.92149853
75,-2.09133988,-79.92149853
75,-2.09133988,-79.92149853
75,-2.09133988,-79.92149853
75,-2.09133988,-79.92149853
75,-2.09133988,-79.92149853
75,-2.09133988,-79.92149853
75,-2.09133988,-79.92149853
75,-2.09133988,-79.92149853
75,-2.09133988,-79.92149853
75,-2.09133988,-79.92149853
75,-2.0776546,-79.8751464
75,-2.09133988,-79.92149853
75,-2.09133988,-79.92149853
75,-2.09133988,-79.92149853
75,-2.09133988,-79.92149853
75,-2.09133988,-79.92149853
75,-2.09133988,-79.92149853
75,-2.09133988,-79.92149853
75,-2.09133988,-79.92149853
75,-2.1833,-79.8833
75,-2.09133988,-79.92149853
75,-2.09133988,-79.92149853
75,-2.09133988,-79.92149853
75,-2.09133988,-79.92149853
75,-2.09133988,-79.92149853
75,-2.09133988,-79.92149853
75,-2.0814831,-79.9159103
76,-2.15009846,-79.94946264
76,-2.18247645,-79.89749998
76,-2.21667,-80.9667
76,-2.1202142,-79.9437625
76,-2.1185423,-79.9351848
76,-2.1568527,-79.921194
76,-2.12756376,-79.93986943
76,-2.1579802,-79.92012731
76,-2.1586921,-79.9213763
77,-2.16096598,-79.90156798
77,-2.16102268,-79.90171284
77,-2.1610239,-79.90171019
77,-2.16101209,-79.90164278
77,-2.16103769,-79.90162418
77,-2.20678693,-79.89362406
77,-2.16096025,-79.9016835
77,-2.16098712,-79.90169576
77,-2.15399093,-79.90057076
77,-2.17520883,-79.8963779
77,-3.76092205,-79.82216946
77,-2.19395135,-79.88107264
77,-2.17479401,-79.89654052
77,-2.16098783,-79.90169587
77,-2.19394903,-79.88106974
77,-2.15368363,-79.90039601
77,-2.15769107,-79.92137843
77,-3.00450674,-79.73257595
77,-3.27197025,-79.92416743
77,-2.19422189,-79.88107452
77,-2.19421786,-79.8810942
77,-2.14798135,-79.88363629
77,-2.14801096,-79.88370997
77,-0.16146188,-78.4947493
77,-0.25,-78.5833
77,-0.160838,-78.49228934
77,-3.69278792,-79.61046195
77,-2.16098726,-79.90169565
77,-2.18585751,-79.88009145
77,-2.19142809,-79.88038144
77,-3.7643059,-79.82220608
77,-0.6992525,-80.109809
77,-2.248284,-80.127283
77,-2.16105283,-79.90145
77,-2.10313706,-79.90399158
77,-2.1872253,-79.96682766
77,-3.6801007,-79.6837359
77,-0.96667,-79.55
77,-1.83333,-80.75
77,-2.19849333,-80.98096345
77,-2.21667,-80.9667
77,-2.76196632,-79.68554421
77,28.48559154,-81.45637339
77,28.47064536,-81.47316467
77,25.7778578,-80.18624268
77,28.446,-81.395512
77,-2.15890923,-79.90090979
77,-2.20616113,-79.88851146
78,-2.1784022,-79.8762315
78,-2.18497589,-79.88052371
78,-2.07640074,-79.87650358
78,-2.14421682,-79.86872207
78,-2.15829713,-79.89672848
79,-0.24995503,-79.16660312
79,-0.24994252,-79.16660174
79,-0.25005405,-79.16640398
79,-0.24995513,-79.16649099
80,-1.24288642,-78.64333459
80,-1.24286891,-78.64327953
80,-1.24236175,-78.64313805
80,-1.24256494,-78.64327226
80,-1.24260688,-78.64308707
80,-1.24288439,-78.64327102
80,-1.24280583,-78.64323133
80,-1.24286394,-78.64337937
80,-1.24282954,-78.6433454
80,-1.24286759,-78.64336271
80,-1.24286749,-78.64336272
80,-1.24286758,-78.64336281
80,-1.24286774,-78.64336273
80,-1.24286695,-78.64336262
80,-1.24286617,-78.64335921
80,-1.2427235,-78.64332505
80,-1.24268102,-78.64328281
80,-1.242865,-78.643298
81,-2.1426681,-79.859805
81,-2.14330123,-79.85646396
81,-2.14330123,-79.85646396
82,39.0081772,-104.8870804
82,39.0084971,-104.89068706
82,39.60686803,-105.97206195
83,-1.3592244,-79.902924
83,-1.3640162,-79.9038221
83,-1.3640178,-79.903824
83,-1.3644288,-79.8993299
83,-1.3677044,-79.8947042
83,-2.63606273,-80.39079771
83,-1.3677044,-79.8947042
83,-2.17618383,-79.84032067
83,-1.3677044,-79.8947042
83,-1.36548105,-79.90756061
83,-1.36548105,-79.90756061
83,-1.36548105,-79.90756061
83,-1.36700501,-79.90074845
83,-1.36548105,-79.90756061
83,-1.36700501,-79.90074845
83,-1.36548105,-79.90756061
83,-1.36700501,-79.90074845
83,-1.36548105,-79.90756061
83,-1.36548105,-79.90756061
83,-1.36548105,-79.90756061
83,-1.36548105,-79.90756061
83,-1.36548105,-79.90756061
83,-1.36548105,-79.90756061
83,-1.36548105,-79.90756061
83,-1.36700501,-79.90074845
83,-1.36700501,-79.90074845
83,-1.36700501,-79.90074845
83,-1.36700501,-79.90074845
83,-1.36700501,-79.90074845
83,-1.36548105,-79.90756061
83,-1.36700501,-79.90074845
83,-1.36700501,-79.90074845
83,-2.1833,-79.8833
83,-2.1833,-79.8833
83,-1.36700501,-79.90074845
83,-1.3643384,-79.8988224
83,-1.36548105,-79.90756061
83,-1.36548105,-79.90756061
83,-1.36548105,-79.90756061
83,-1.36548105,-79.90756061
83,-1.36548105,-79.90756061
83,-1.36548105,-79.90756061
83,-1.36548105,-79.90756061
83,-1.36548105,-79.90756061
83,-1.36548105,-79.90756061
83,-1.36667,-79.9
83,-1.36548105,-79.90756061
83,-1.36548105,-79.90756061
83,-1.36548105,-79.90756061
83,-1.36548105,-79.90756061
83,-1.3643384,-79.8988224
83,-1.3643384,-79.8988224
83,-1.36667,-79.9
83,-1.36603622,-79.9064991
83,-1.36603622,-79.9064991
83,-1.36603622,-79.9064991
83,-1.36667,-79.9
83,-1.36603622,-79.9064991
83,-1.36603622,-79.9064991
83,-2.1833,-79.8833
83,-1.36684084,-79.90678566
83,-2.17203777,-79.89461289
83,-2.63606273,-80.39079771
83,-1.660837,-79.986483
83,-1.36610291,-79.90630158
83,-1.36707074,-79.90623957
83,-1.36707074,-79.90623957
83,-1.36707074,-79.90623957
83,-1.36707074,-79.90623957
83,-1.36707074,-79.90623957
83,-1.36707074,-79.90623957
84,-2.18377307,-79.8776006
84,-2.0614201,-79.95413374
84,-2.06487625,-79.9094302
84,-2.06487625,-79.9094302
84,-2.0614201,-79.95413374
84,-2.0614201,-79.95413374
84,-2.19512393,-79.88297029
84,-2.05449297,-79.87434001
84,-2.06109042,-79.95398503
84,-2.06477,-79.9099573
85,-12.09954621,-77.02615693
85,-12.0993598,-77.0257784
85,-12.0993598,-77.0257784
85,-12.0993598,-77.0257784
85,-11.95872997,-77.05407795
85,-11.95872997,-77.05407795
85,-12.05670004,-76.9708623
85,-12.111088,-77.001028
85,-12.15061456,-77.02033012
85,-12.1444712,-77.0228958
85,-12.0993598,-77.0257784
86,-2.18772798,-79.87939682
86,-0.96667,-79.55
86,-2.2712737,-79.8981205
86,-2.27038991,-79.8955397
86,-2.26695322,-79.89194822
86,-2.27038991,-79.8955397
86,-2.27038991,-79.8955397
86,-2.27038991,-79.8955397
86,-2.27038991,-79.8955397
86,-2.27038991,-79.8955397
86,-2.26604893,-79.89945461
86,-2.27038991,-79.8955397
86,-2.27038991,-79.8955397
86,-2.1616027,-79.91648897
86,-2.16022651,-79.90682181
86,-2.2808399,-79.8759689
86,-2.27038991,-79.8955397
86,-2.27038991,-79.8955397
86,-2.27038991,-79.8955397
86,-2.27038991,-79.8955397
86,-2.1833,-79.8833
86,-2.1833,-79.8833
86,-2.21667,-80.9667
86,-2.27038991,-79.8955397
86,-2.27038991,-79.8955397
86,-2.1833,-79.8833
86,-2.27038991,-79.8955397
86,-2.27038991,-79.8955397
86,-2.27038991,-79.8955397
86,-2.27038991,-79.8955397
86,-2.27038991,-79.8955397
86,-2.27038991,-79.8955397
86,-2.27038991,-79.8955397
86,-2.27038991,-79.8955397
86,-2.27038991,-79.8955397
86,-2.27038991,-79.8955397
86,-2.27038991,-79.8955397
86,-2.27038991,-79.8955397
87,-0.96667,-79.55
87,6.2359,-75.5751
87,6.2359,-75.5751
87,4.59805556,-74.07583333
87,0.35940946,-78.09439782
87,-1.36667,-79.9
87,-1.70779638,-79.04434254
88,-0.59259383,-80.40885704
88,-0.59259383,-80.40885704
88,-0.59259383,-80.40885704
88,-0.46281783,-80.45692156
89,-0.256169,-79.21021282
89,-0.25243005,-79.19915998
90,-1.770067,-79.2736262
90,-2.1733801,-79.8304939
91,40.4,-3.88333
91,37.5531822,-90.301156
91,40.4,-3.88333
91,40.40490455,-3.87526866
91,34.0522,-118.243
91,40.4667,-3.86667
91,78.9333,11.95
91,40.4,-3.88333
91,40.40208,-3.87949
91,40.43333661,-3.90339168
92,-2.1833,-79.8833
92,-2.1833,-79.8833
92,-15.2167,-55.5
92,-0.20257315,-78.4905496
92,-0.20257315,-78.4905496
92,-0.20257315,-78.4905496
92,-0.94391231,-80.73012236
92,-0.94391231,-80.73012236
92,-2.1833,-79.8833
92,-2.1833,-79.8833
92,0.89100986,-79.81206655
92,0.98813972,-79.65622075
92,0.87179717,-79.85210694
92,0.98813972,-79.65622075
92,0.866667,-79.8667
92,0.89100986,-79.81206655
92,0.98813972,-79.65622075
92,-2.19205051,-79.88144093
92,-2.19205051,-79.88144093
92,-2.1833,-79.8833
92,-2.1833,-79.8833
92,-2.1833,-79.8833
92,-2.12076,-79.89144
92,-2.12076,-79.89144
92,-2.1833,-79.8833
92,-2.18556541,-80.00640713
92,-2.1833,-79.8833
92,-2.1833,-79.8833
92,-2.1833,-79.8833
92,-2.18214,-79.98452
92,-2.1833,-79.8833
92,-2.1833,-79.8833
92,-2.12076,-79.89144
92,-2.12076,-79.89144
92,-2.12076,-79.89144
92,-2.1833,-79.8833
92,-2.1833,-79.8833
92,-2.18559136,-80.00655572
92,-2.1833,-79.8833
92,-2.1833,-79.8833
92,-2.1833,-79.8833
92,-2.21243759,-79.89561651
92,-2.1833,-79.8833
92,-2.1833,-79.8833
93,-0.9635163,-80.689406
93,-0.9638223,-80.6893984
93,-0.9635925,-80.689555
93,-0.9635303,-80.6894005
93,-0.9635813,-80.6894157
93,-0.9635645,-80.6894002
93,-0.9636909,-80.6894425
93,-0.9636069,-80.6894153
93,-0.9635841,-80.6893965
93,-0.963568,-80.6893772
94,-3.32772278,-79.80955135
94,-2.90416867,-79.00304647
94,-3.33333,-79.8167
94,-3.33333,-79.8167
94,-3.33333,-79.8167
95,-2.1833,-79.8833
95,-2.18973478,-79.89680286
95,-2.18269906,-79.89524501
95,-2.18269906,-79.89524501
95,-2.18269906,-79.89524501
95,-2.18973478,-79.89680286
95,-2.18269906,-79.89524501
95,-2.18973478,-79.89680286
95,-2.2021799,-79.8977203
95,-2.1930622,-79.89489978
95,-2.18457499,-79.89475071
95,-2.18457499,-79.89475071
95,-2.18457499,-79.89475071
95,-2.18457499,-79.89475071
95,-2.18464468,-79.89351153
95,-2.18733355,-79.89537288
95,-2.19470244,-79.89536457
95,-2.189646,-79.896977
95,-2.16895859,-79.89808913
95,-2.16895859,-79.89808913
95,-2.18269906,-79.89524501
95,-2.15630394,-79.89174896
95,-2.15630394,-79.89174896
95,-2.18269906,-79.89524501
95,-2.18269906,-79.89524501
95,-2.18464468,-79.89351153
95,-2.18464468,-79.89351153
95,-2.18464468,-79.89351153
95,-2.18464468,-79.89351153
95,-2.18464468,-79.89351153
95,-2.18464468,-79.89351153
95,-2.18457499,-79.89475071
95,-2.18457499,-79.89475071
95,-2.18457499,-79.89475071
95,-2.16290693,-79.94258667
95,-2.18464468,-79.89351153
95,-2.18464468,-79.89351153
95,-2.18464468,-79.89351153
95,-2.18464468,-79.89351153
95,-2.18464468,-79.89351153
95,-2.18464468,-79.89351153
95,-2.18464468,-79.89351153
95,-2.18464468,-79.89351153
95,-2.18464468,-79.89351153
95,-2.18464468,-79.89351153
95,-2.18272819,-79.89437627
95,-2.18464468,-79.89351153
95,-2.18464468,-79.89351153
95,-2.18464468,-79.89351153
95,-2.18457499,-79.89475071
95,-2.18464468,-79.89351153
95,-2.18464468,-79.89351153
95,-2.18464468,-79.89351153
95,-2.18464468,-79.89351153
95,-2.18464468,-79.89351153
95,-2.18464468,-79.89351153
95,-2.18464468,-79.89351153
95,-2.18464468,-79.89351153
95,-2.1833,-79.8833
95,-2.18464468,-79.89351153
95,-2.18464468,-79.89351153
95,-2.18464468,-79.89351153
95,-2.18464468,-79.89351153
95,-2.18464468,-79.89351153
95,-2.18464468,-79.89351153
95,-2.18464468,-79.89351153
95,-2.18464468,-79.89351153
95,-2.18464468,-79.89351153
95,-2.1833,-79.8833
95,-2.18464468,-79.89351153
95,-2.18464468,-79.89351153
95,-2.18464468,-79.89351153
95,-2.18464468,-79.89351153
95,-2.18464468,-79.89351153
95,-2.18464468,-79.89351153
95,-2.18464468,-79.89351153
95,-2.18464468,-79.89351153
95,-2.18464468,-79.89351153
96,-1.79969838,-79.51016796
96,-1.79969838,-79.51016796
96,-1.79969838,-79.51016796
96,-1.79969838,-79.51016796
96,-1.81667,-79.5167
96,-1.8097854,-79.54273409
96,-1.79969838,-79.51016796
96,-1.79969838,-79.51016796
96,-1.79969838,-79.51016796
96,-1.79970084,-79.51016289
96,-1.79970084,-79.51016289
96,-1.79970147,-79.5101603
96,-1.79969838,-79.51016796
96,-1.80068,-79.52963
96,-1.79969838,-79.51016796
96,-1.79969838,-79.51016796
96,-1.79969838,-79.51016796
96,-1.79969838,-79.51016796
96,-1.7997064,-79.51015428
96,-1.7997064,-79.51015428
96,-1.7997064,-79.51015428
96,-1.79972645,-79.5362849
96,-1.79969838,-79.51016796
96,-1.79969838,-79.51016796
96,-1.89297599,-79.55903798
96,-1.79969838,-79.51016796
96,-1.79969838,-79.51016796
96,-1.79969838,-79.51016796
96,-1.79969838,-79.51016796
96,-1.79969838,-79.51016796
96,-1.79969838,-79.51016796
96,-1.79901,-79.53074
96,-1.79969838,-79.51016796
96,-1.79969838,-79.51016796
96,-1.79969838,-79.51016796
96,-1.79969838,-79.51016796
96,-1.89297599,-79.55903798
96,-1.79969838,-79.51016796
96,-1.79969838,-79.51016796
96,-1.79969838,-79.51016796
96,-1.79969838,-79.51016796
96,-1.79969838,-79.51016796
96,-1.80434158,-79.5212335
96,-1.79969838,-79.51016796
96,-1.80277,-79.51397
96,-1.80277,-79.51397
96,-1.79969838,-79.51016796
96,-1.79969838,-79.51016796
96,-1.79969838,-79.51016796
96,-1.79969838,-79.51016796
96,-1.80277,-79.51397
96,-1.79969838,-79.51016796
96,-1.79969838,-79.51016796
96,-1.99237141,-79.60772686
96,-1.79969838,-79.51016796
96,-1.79969838,-79.51016796
96,-1.79969838,-79.51016796
96,-1.8027788,-79.5170543
96,-1.79969838,-79.51016796
96,-1.8027788,-79.5170543
96,-1.8027788,-79.5170543
96,-1.8027788,-79.5170543
96,-1.8027788,-79.5170543
96,-1.8027788,-79.5170543
96,-1.8027788,-79.5170543
96,-1.8027788,-79.5170543
96,-1.79971462,-79.51014374
96,-1.8027788,-79.5170543
96,-1.801114,-79.539047
96,-1.8027788,-79.5170543
96,-1.8027788,-79.5170543
96,-1.8,-79.3333
96,-1.8,-79.3333
96,-1.80856559,-79.51286959
96,-1.79971462,-79.51014374
96,-1.79971462,-79.51014374
96,-1.801114,-79.539047
96,-1.79971462,-79.51014374
96,-1.79971462,-79.51014374
96,-1.8006365,-79.5378916
96,-1.79971462,-79.51014374
96,-1.801114,-79.539047
96,-1.79971462,-79.51014374
96,-1.79971901,-79.5101378
96,-1.8006365,-79.5378916
96,-1.79971901,-79.5101378
96,-1.79971901,-79.5101378
96,-1.79971901,-79.5101378
96,-1.8033047,-79.51443983
96,-1.8033047,-79.51443983
96,-1.8033047,-79.51443983
96,-1.8033047,-79.51443983
96,-1.8033047,-79.51443983
96,-1.8033047,-79.51443983
96,-1.80065043,-79.47673548
96,-1.8033047,-79.51443983
96,-1.8033047,-79.51443983
96,-1.8033047,-79.51443983
96,-1.80331892,-79.51443046
96,-1.80331892,-79.51443046
97,-2.2708041,-80.9242962
97,-2.1310125,-79.9084589
97,-2.1302593,-79.9086028
97,-2.1302593,-79.9086028
97,-2.139745,-79.9080919
97,-2.2707859,-80.9244153
97,-2.1396297,-79.9078837
97,-2.2706993,-80.9243631
97,-2.134346,-79.9088251
97,-2.1341772,-79.9089658
97,-2.1397965,-79.9082505
97,-1.9772877,-80.0048152
97,-2.0503248,-79.8938615
97,-2.2698428,-80.9244642
97,-2.269796,-80.9232823
97,-1.8663352,-79.9844574
97,-1.8645862,-79.982539
97,-1.8666351,-79.984339
97,-2.1379877,-79.9060703
97,-2.1341918,-79.9090387
97,-2.2698527,-80.9247483
97,-2.2707481,-80.9245685
97,-2.2698527,-80.9247483
97,-2.2707117,-80.9242734
97,-2.2698527,-80.9247483
97,-2.2698527,-80.9247483
97,-2.2421552,-80.9199096
97,-2.1338754,-79.9089543
97,0.3294994,-78.1223913
97,-2.1313426,-79.908095
97,-2.1313728,-79.9081437
97,-2.131339,-79.908098
98,-2.13771748,-79.92316988
98,-2.13771748,-79.92316988
98,-2.13771748,-79.92316988
98,-2.13771748,-79.92316988
98,-2.13771748,-79.92316988
98,-2.13771748,-79.92316988
98,-2.13771748,-79.92316988
98,-2.13771748,-79.92316988
98,-2.13771748,-79.92316988
99,-16.3845817,-71.5689636
99,-16.3881359,-71.5513441
99,-16.3846548,-71.5691646
99,-16.3868658,-71.5694724
99,-16.3843372,-71.5692151
99,-16.3845989,-71.5688344
99,-16.3846819,-71.5688098
99,-16.3845313,-71.5695267
99,-16.3847982,-71.5691691
100,-0.1936855,-78.4867182
100,-0.19376241,-78.48658562
100,-0.19376241,-78.48658562
100,-0.19376241,-78.48658562
100,-0.19376241,-78.48658562
100,-0.19376241,-78.48658562
100,-0.19376241,-78.48658562
100,-0.19376241,-78.48658562
100,-0.19376241,-78.48658562
100,-0.19376241,-78.48658562
100,-0.19376241,-78.48658562
100,-0.19376241,-78.48658562
100,-0.19376241,-78.48658562
100,-0.19376241,-78.48658562
