1,25.83820776,-80.38274457
1,25.83820776,-80.38274457
1,39.62766278,-106.06059786
1,25.79230286,-80.37632006
1,25.791688,-80.139172
1,39.4864,-106.044
1,35.104486,-106.569995
1,11.0059566,-74.81958364
1,39.6334839,-105.3365097
2,-12.11196322,-76.99210167
2,-12.08599885,-76.97707057
2,-12.1097273,-76.96777562
2,-12.085429,-76.97608
2,-12.08619852,-76.97579384
2,-12.086807,-76.9765234
2,-12.06852229,-77.03632196
2,-12.07724036,-76.98077484
2,-12.08508073,-76.97307937
3,-2.16667,-79.9
3,-2.16667,-79.9
3,-2.194061,-79.879874
3,-2.15540899,-79.89225946
3,-2.15540899,-79.89225946
3,-2.22811634,-79.86936625
3,-2.22811634,-79.86936625
3,-2.22811634,-79.86936625
3,-2.22811634,-79.86936625
3,-2.22811634,-79.86936625
3,-2.15540899,-79.89225946
3,-2.15540899,-79.89225946
3,-2.15540899,-79.89225946
3,-2.15540899,-79.89225946
3,-2.15540899,-79.89225946
3,-2.15540899,-79.89225946
3,-2.15540899,-79.89225946
3,-2.15540899,-79.89225946
3,-1.33333,-80.5833
3,-1.05348685,-80.65978739
3,-0.95002222,-80.7162
3,-0.94069195,-80.73135057
3,-0.94069195,-80.73135057
3,-0.95002222,-80.7162
3,-0.94069195,-80.73135057
3,-0.94069195,-80.73135057
3,-0.94069195,-80.73135057
3,-2.1469144,-79.8936261
3,-2.12794407,-79.90653383
3,-2.16667,-79.9
3,-2.12878143,-79.88916811
3,-2.12878143,-79.88916811
3,-2.12878143,-79.88916811
3,-2.12878143,-79.88916811
3,-2.12878143,-79.88916811
3,0.983333,-79.7
3,0.98940197,-79.65606646
3,0.96094,-79.65429
3,-2.12878143,-79.88916811
3,-2.12878143,-79.88916811
3,-2.12878143,-79.88916811
3,-2.12878143,-79.88916811
3,-2.12878143,-79.88916811
3,-2.12878143,-79.88916811
3,-2.12878143,-79.88916811
3,-2.12878143,-79.88916811
3,-2.12878143,-79.88916811
3,-2.12878143,-79.88916811
3,-2.12878143,-79.88916811
3,-2.12878143,-79.88916811
3,-2.13146564,-79.8927504
3,-2.13146564,-79.8927504
3,-2.12844158,-79.88897099
3,-2.12844158,-79.88897099
3,-2.12844158,-79.88897099
3,-2.12844158,-79.88897099
3,-2.14430732,-79.89270716
4,-12.019,-76.9506
4,-12.08705231,-77.03899777
4,-12.08284138,-77.03808546
4,-12.04674939,-77.02982426
4,-12.04541684,-77.0314765
4,-12.05655202,-77.03667056
4,-12.08284138,-77.03808546
4,-12.01087264,-76.92327205
4,-12.08682798,-77.03896523
4,-12.0867996,-77.0387802
4,-12.08705231,-77.03899777
4,-12.0191475,-76.90231789
4,-12.08842255,-77.03416286
4,-12.08284138,-77.03808546
4,-12.15085082,-77.02175293
4,-12.09192656,-77.0415616
4,-14.07832444,-75.72643063
4,-14.078495,-75.726445
5,-12.086002,-77.080272
5,-6.36829428,106.82943478
5,-7.776143,110.391198
5,-6.12649677,106.83222599
5,13.46963786,-89.06458751
5,13.46963786,-89.06458751
5,-12.06940105,-77.07971634
5,37.615608,-122.389544
5,37.8703117,-122.2701187
6,-2.18882,-79.81722
6,-2.18882,-79.81722
6,-2.18882,-79.81722
6,8.34952036,-80.14916613
6,8.34938333,-80.1490695
6,9.35809948,-79.89181984
6,-2.16365625,-79.84766967
6,-2.17918377,-79.87577262
6,-1.4,-78.4167
6,-1.40453302,-78.41774164
6,-2.16365625,-79.84766967
6,-2.16370518,-79.84761459
6,-2.16370518,-79.84761459
6,-2.20329907,-79.13176419
6,-2.28937315,-78.98264471
6,-2.16370518,-79.84761459
6,-2.16370518,-79.84761459
6,-2.16370518,-79.84761459
6,-2.1837079,-79.84517927
6,-2.1887893,-79.8157646
6,-2.1887893,-79.8157646
6,-2.1667061,-79.84311842
6,-2.1667061,-79.84311842
6,-2.02121806,-79.87080869
6,-2.1887893,-79.8157646
6,-2.1667061,-79.84311842
6,-2.1667061,-79.84311842
6,-2.20515817,-80.97233978
6,-2.20515817,-80.97233978
6,-2.06477,-79.9099573
6,-2.1887893,-79.8157646
6,-2.1887893,-79.8157646
6,-2.1887893,-79.8157646
6,-2.20627119,-79.88676906
6,-2.1887893,-79.8157646
6,-2.1887893,-79.8157646
6,-2.02121806,-79.87080869
6,-2.02121806,-79.87080869
6,-2.1887893,-79.8157646
6,-2.1887893,-79.8157646
6,-2.1887893,-79.8157646
6,-2.1887893,-79.8157646
7,-0.10771745,-78.48907471
7,-0.19670695,-78.48023651
7,-0.17371841,-78.47998992
7,-0.17371841,-78.47998992
7,-0.10771745,-78.48907471
7,-0.19670695,-78.48023651
7,-0.17371841,-78.47998992
7,-0.19674921,-78.48011858
7,-0.10771745,-78.48907471
7,-0.19674921,-78.48011858
7,-0.19674921,-78.48011858
7,-0.19674921,-78.48011858
7,-0.19674921,-78.48011858
7,-0.25,-78.5833
7,-0.19674921,-78.48011858
7,-0.19674921,-78.48011858
7,-0.19674921,-78.48011858
7,-0.19674921,-78.48011858
8,0.35980311,-78.11241799
8,0.35980311,-78.11241799
8,0.34911555,-78.1185868
8,0.34911555,-78.1185868
8,0.34911555,-78.1185868
8,0.34911555,-78.1185868
8,0.3554201,-78.12388153
8,0.35308954,-78.12936284
8,0.35308954,-78.12936284
8,0.3554201,-78.12388153
8,0.3554201,-78.12388153
8,0.3554201,-78.12388153
8,0.3554201,-78.12388153
8,-0.27432825,-78.46612303
8,-0.27432825,-78.46612303
8,-0.27432825,-78.46612303
8,-0.27432825,-78.46612303
8,0.13358266,-78.18586849
8,0.3554201,-78.12388153
8,0.37623748,-78.10460712
8,0.37623748,-78.10460712
8,0.36360942,-78.10807319
8,0.37623748,-78.10460712
8,0.37623748,-78.10460712
8,0.36360942,-78.10807319
8,0.37623748,-78.10460712
8,0.37623748,-78.10460712
8,0.37623748,-78.10460712
8,0.36360942,-78.10807319
8,0.36360942,-78.10807319
8,0.36360942,-78.10807319
8,0.36360942,-78.10807319
8,0.36360942,-78.10807319
8,0.36360942,-78.10807319
8,0.36360942,-78.10807319
8,0.36360942,-78.10807319
8,0.36360942,-78.10807319
8,0.36360942,-78.10807319
8,0.35312093,-78.123851
8,0.35312093,-78.123851
8,0.36360942,-78.10807319
8,0.36360942,-78.10807319
8,0.36360942,-78.10807319
8,0.36360942,-78.10807319
8,0.36360942,-78.10807319
8,0.36360942,-78.10807319
8,0.36360942,-78.10807319
8,0.36360942,-78.10807319
8,0.36360942,-78.10807319
8,0.36360942,-78.10807319
8,0.36360942,-78.10807319
8,0.37623748,-78.10460712
8,0.37623748,-78.10460712
8,0.37623748,-78.10460712
8,0.37623748,-78.10460712
8,0.36360942,-78.10807319
8,0.37623748,-78.10460712
8,0.36360942,-78.10807319
8,0.37623748,-78.10460712
8,0.37623748,-78.10460712
8,0.36360942,-78.10807319
8,0.37623748,-78.10460712
8,0.37623748,-78.10460712
8,0.36360942,-78.10807319
8,0.36360942,-78.10807319
8,0.37623748,-78.10460712
8,0.37623748,-78.10460712
8,0.36360942,-78.10807319
8,0.36360942,-78.10807319
8,0.36360942,-78.10807319
8,0.37623748,-78.10460712
8,0.37623748,-78.10460712
8,0.36360942,-78.10807319
8,0.36360942,-78.10807319
8,0.36360942,-78.10807319
8,0.36360942,-78.10807319
8,0.36360942,-78.10807319
8,0.36360942,-78.10807319
8,0.36360942,-78.10807319
8,0.37623748,-78.10460712
8,0.36360942,-78.10807319
8,0.36360942,-78.10807319
8,0.36360942,-78.10807319
8,0.3740064,-78.1112427
8,0.36360942,-78.10807319
8,0.36360942,-78.10807319
8,0.36360942,-78.10807319
8,0.36360942,-78.10807319
8,0.36360942,-78.10807319
8,0.36360942,-78.10807319
8,0.36360942,-78.10807319
8,0.37623748,-78.10460712
8,0.37623748,-78.10460712
8,0.36360942,-78.10807319
8,0.36360942,-78.10807319
8,0.35308954,-78.12936284
8,0.35308954,-78.12936284
8,0.36360942,-78.10807319
8,0.37623748,-78.10460712
8,0.36360942,-78.10807319
8,0.3740064,-78.1112427
8,0.36360942,-78.10807319
8,0.36360942,-78.10807319
8,0.36360942,-78.10807319
8,0.36360942,-78.10807319
8,-0.07164072,-78.35686024
8,0.36360942,-78.10807319
8,0.3554201,-78.12388153
8,0.37989835,-78.09854613
8,0.37623748,-78.10460712
8,1.04959682,-79.41672037
8,0.36360942,-78.10807319
8,0.34924029,-78.11984338
8,0.36360942,-78.10807319
8,0.36360942,-78.10807319
8,0.36360942,-78.10807319
8,0.36360942,-78.10807319
8,0.34927358,-78.1198357
8,0.36360942,-78.10807319
8,0.37594465,-78.10477609
8,0.37594465,-78.10477609
8,0.36360942,-78.10807319
8,0.37623748,-78.10460712
8,0.36360942,-78.10807319
8,0.36360942,-78.10807319
8,0.36360942,-78.10807319
8,0.36360942,-78.10807319
8,0.37722671,-78.10449941
8,0.42454,-78.1931305
8,0.3760183,-78.1046711
8,0.3760183,-78.1046711
8,0.417302,-78.19386244
8,0.3565943,-78.127688
8,0.35015474,-78.1261033
8,0.3760183,-78.1046711
8,0.3760183,-78.1046711
8,0.3760183,-78.1046711
8,0.3760183,-78.1046711
8,0.35015474,-78.1261033
8,0.3627,-78.1307
8,0.3760183,-78.1046711
8,0.375821,-78.104554
9,13.69,-89.19
9,13.70303345,-89.21144104
9,13.69,-89.19
9,13.70303345,-89.21144104
9,-0.21026173,-78.49229671
9,-0.21006409,-78.49221007
9,-0.21026173,-78.49229671
9,-0.21,-78.49138889
9,-0.933333,-78.6167
9,-0.24952397,-78.53047398
9,-0.15785179,-78.48608904
10,-2.12707269,-79.9011556
10,-2.22968138,-79.89096066
10,-2.13936836,-79.8962318
10,-2.1558763,-79.88988782
10,-2.2808399,-79.8759689
10,-2.14828561,-79.91061023
10,-2.16123624,-79.91601546
11,-12.10428443,-76.96319818
11,-12.10428443,-76.96319818
11,-12.10428443,-76.96319818
11,-12.10428443,-76.96319818
11,-12.08338692,-76.97002172
11,-12.1011583,-77.01853752
11,-12.0649219,-77.03660488
11,-12.09065341,-77.02362547
11,-12.06230941,-77.03628838
11,-12.1011583,-77.01853752
11,-12.07098612,-76.95210457
11,-12.08655522,-77.01424599
11,-12.14712341,-77.02207804
11,-12.07429909,-77.09351269
11,-12.07098612,-76.95210457
11,-12.10428443,-76.96319818
12,-12.11120993,-77.03760346
12,-2.18722122,-79.96681959
12,-2.18722122,-79.96681959
12,-2.18722122,-79.96681959
12,-2.18964172,-79.96639366
12,-2.16667,-79.9
12,-2.16667,-79.9
12,28.38544863,-81.4771846
12,28.38544863,-81.4771846
12,28.38630268,-81.47851921
12,28.38722539,-81.49210632
12,28.38544863,-81.4771846
12,25.81470705,-80.37988804
12,25.81470705,-80.37988804
12,25.81470705,-80.37988804
12,25.81470705,-80.37988804
12,25.81470705,-80.37988804
12,25.81470705,-80.37988804
12,25.81470705,-80.37988804
12,25.81470705,-80.37988804
12,35.4927566,-86.09631962
12,39.9562,-86.0128
12,39.9562,-86.0128
12,39.9562,-86.0128
12,39.90621584,-86.04751376
12,39.9562,-86.0128
12,39.9562,-86.0128
12,32.0918,-83.7949
12,30.35846315,-82.84335025
12,26.1358,-80.1418
12,25.80810064,-80.19385057
12,25.81470705,-80.37988804
12,25.81470705,-80.37988804
12,25.7858009,-80.3758698
12,-2.17189222,-79.90728261
12,-2.18845466,-79.96632072
12,-2.18845466,-79.96632072
12,-2.17726427,-79.94129469
12,-2.17726427,-79.94129469
12,-2.17189222,-79.90728261
12,-2.18845466,-79.96632072
12,-2.11593432,-79.87018579
12,-2.15602011,-79.89202589
12,-2.17726427,-79.94129469
12,-2.11593432,-79.87018579
12,-2.11593432,-79.87018579
12,-2.18845466,-79.96632072
12,-2.18845466,-79.96632072
12,36.69952419,-121.65307858
12,-2.23333,-80.85
12,-2.18845466,-79.96632072
12,-2.17595976,-79.89063437
12,-2.17726427,-79.94129469
12,-2.17726427,-79.94129469
12,-2.18845466,-79.96632072
12,-2.17726427,-79.94129469
12,-2.17726427,-79.94129469
12,-2.17595976,-79.89063437
12,-2.18845466,-79.96632072
12,-2.18845466,-79.96632072
12,-2.17595976,-79.89063437
12,-2.10383859,-79.90417216
12,-2.14445711,-79.86248117
12,-2.17595976,-79.89063437
12,-2.17595976,-79.89063437
12,-2.17595976,-79.89063437
12,-2.18839834,-79.96660224
12,-2.18839834,-79.96660224
12,-2.18839834,-79.96660224
12,-2.18839834,-79.96660224
12,-2.18839834,-79.96660224
12,-2.18839834,-79.96660224
12,-2.177176,-79.941182
12,-2.17018145,-79.89853865
12,-2.18839834,-79.96660224
13,-0.30855122,-78.41369989
13,-0.30855122,-78.41369989
13,-0.30855122,-78.41369989
13,-0.30855122,-78.41369989
13,-0.30855122,-78.41369989
13,-0.30855122,-78.41369989
13,-0.30855122,-78.41369989
13,-0.30855122,-78.41369989
13,-0.30855122,-78.41369989
13,-0.30855122,-78.41369989
13,-0.30855122,-78.41369989
13,-0.30855122,-78.41369989
13,-0.30855122,-78.41369989
13,-0.25,-78.5833
13,-0.30855122,-78.41369989
13,-0.30855122,-78.41369989
13,-0.30855122,-78.41369989
13,-0.30855122,-78.41369989
13,-0.30855122,-78.41369989
13,-0.30855122,-78.41369989
13,-0.30855122,-78.41369989
13,-0.30855122,-78.41369989
13,-0.30855122,-78.41369989
13,-0.30855122,-78.41369989
13,-0.30855122,-78.41369989
13,-0.30855122,-78.41369989
13,-0.30855122,-78.41369989
13,-0.30855122,-78.41369989
13,-0.30855122,-78.41369989
13,-0.30855122,-78.41369989
13,-0.30855122,-78.41369989
13,-0.30855122,-78.41369989
13,-0.30855122,-78.41369989
13,-0.30855122,-78.41369989
13,-0.30855122,-78.41369989
13,-0.30855122,-78.41369989
13,-0.30855122,-78.41369989
13,-0.30855122,-78.41369989
13,-0.30855122,-78.41369989
13,-0.30855122,-78.41369989
13,-0.30852887,-78.41366925
13,-0.30852887,-78.41366925
13,-0.30852887,-78.41366925
13,-0.30852887,-78.41366925
13,-0.30852887,-78.41366925
13,-0.30852887,-78.41366925
13,-0.30852887,-78.41366925
13,-0.30852887,-78.41366925
13,-0.30852887,-78.41366925
13,-0.30852887,-78.41366925
13,-0.30852887,-78.41366925
13,-0.30852887,-78.41366925
13,-0.30852887,-78.41366925
13,-0.30852887,-78.41366925
13,-0.30852887,-78.41366925
13,-0.30852887,-78.41366925
13,-0.30852887,-78.41366925
13,-0.30852887,-78.41366925
13,-0.30852887,-78.41366925
13,-0.30852887,-78.41366925
13,-0.30852887,-78.41366925
13,-0.30852887,-78.41366925
13,-0.30852887,-78.41366925
13,-0.30852887,-78.41366925
13,-0.30852887,-78.41366925
13,-0.30852887,-78.41366925
14,-0.2501228,-79.1752345
14,-0.2501196,-79.1752297
14,-0.2496009,-79.1717195
15,1.1667,-77.2667
15,0.80544756,-77.585704
15,0.8225778,-77.6365455
15,0.8225774,-77.6365435
16,40.7633762,-73.965176
16,40.7633644,-73.9652172
16,40.64306013,-74.01826925
16,40.63611261,-74.02195153
16,40.76344183,-73.96555566
16,40.76344555,-73.9655569
16,40.77522413,-73.95429986
16,40.64319372,-74.01860793
17,-2.120138,-79.9025448
17,-2.118024,-79.90027
17,-2.1198582,-79.9026679
17,-2.12206833,-79.90004789
17,-2.1197801,-79.9029956
17,-2.119673,-79.901339
17,-2.1197754,-79.9029554
17,-2.13142932,-79.90670634
17,-2.1202047,-79.9019012
17,-2.12733965,-79.90639687
17,-2.0872691,-79.91484011
17,-2.13169408,-79.90786523
17,-2.08632951,-79.91500955
17,-2.14880383,-79.88433838
17,-2.1188469,-79.9012998
17,-2.12217712,-79.90348053
17,-2.1868207,-79.89756058
17,-2.16675825,-79.89476836
17,-2.1583414,-79.9040254
17,-2.1583414,-79.9040254
17,-2.1583414,-79.9040254
17,-2.1583414,-79.9040254
17,-2.14289396,-79.87961118
17,-2.1583414,-79.9040254
17,-2.1314083,-79.89285006
17,-2.12913799,-79.90044899
17,-2.1583414,-79.9040254
17,-2.1583414,-79.9040254
17,-2.1592676,-79.8995792
17,-2.0400743,-79.9177337
17,-2.09087286,-79.91419345
17,-2.6354519,-80.3911229
17,-2.63701957,-80.39118777
17,-2.09505809,-79.96671979
17,-2.127534,-79.92379643
17,-2.0400425,-79.917736
17,-2.09505809,-79.96671979
17,-2.120769,-79.923281
17,-2.1460856,-79.9401219
17,-2.17064875,-79.93862405
17,-2.120769,-79.923281
17,-2.09087286,-79.91419345
17,-2.04110341,-79.91577042
17,-2.09505809,-79.96671979
17,-2.1209751,-79.9234894
17,-2.09087286,-79.91419345
17,-2.18352974,-79.87606109
17,-2.0400841,-79.9176675
17,-2.0401013,-79.9176487
17,-2.09087286,-79.91419345
17,-2.175168,-79.905989
17,-2.09087286,-79.91419345
17,-2.63601614,-80.39114186
17,-2.183686,-79.895694
17,-2.0400838,-79.9176922
17,-2.0400838,-79.9176922
17,-2.0386488,-79.91843314
17,-2.03922293,-79.91813077
17,-2.03922293,-79.91813077
17,-2.10346809,-79.90597515
17,-2.0865572,-79.9420293
17,-2.1833,-79.8833
17,-2.1833,-79.8833
17,-2.1833,-79.8833
17,-2.1945418,-79.8956821
17,-1.06077485,-80.4757589
17,-1.86667,-79.9333
17,-0.30493205,-78.54304418
17,-2.12394197,-79.93925773
17,-2.11099894,-79.90962579
17,-2.633808,-80.39093965
17,-2.03922293,-79.91813077
17,-2.08429077,-79.87044619
17,-2.20137066,-80.97786993
17,-2.17298158,-79.91442096
17,-2.08748238,-79.9149668
17,-2.16582312,-79.90601385
17,-2.17203777,-79.89461289
17,-2.03921712,-79.91821508
17,-2.0581782,-79.87559687
18,-25.59800944,-54.48847797
18,-12.13021879,-77.03249963
19,-2.20927523,-79.43989609
19,-2.13169754,-79.59975046
19,-2.13169754,-79.59975046
19,-2.13169754,-79.59975046
19,-2.13169754,-79.59975046
19,-2.13169754,-79.59975046
19,-2.12825575,-79.59828011
19,-2.14624083,-79.96690591
19,-2.13169754,-79.59975046
19,-2.16637849,-79.84984809
19,-2.13128032,-79.74733558
19,-2.1587381,-79.89619463
19,-2.11272727,-79.60844853
19,-2.1501637,-79.9542282
19,-2.12770453,-79.59851075
19,-2.13169754,-79.59975046
19,-2.13091989,-79.59944801
19,-2.13169754,-79.59975046
19,-2.15556315,-79.87915125
19,-2.13169754,-79.59975046
19,-2.14742125,-79.9681326
19,-2.16787344,-79.91768483
19,-2.12847811,-79.59828062
19,-2.13137637,-79.5996154
19,-2.1284165,-79.59839403
19,-2.14467868,-79.96680274
19,-2.12824566,-79.59841332
19,-2.13169754,-79.59975046
19,-2.144675,-79.96631
19,-2.08637279,-79.6352993
19,-2.1369601,-79.94147
19,-2.1548655,-79.89445776
19,-2.1548655,-79.89445776
19,-2.12661732,-79.59463204
19,-0.1888111,-78.47835316
19,-2.10799486,-79.72191417
19,-1.22846439,-78.60492694
19,-1.24096293,-78.61855054
19,-29.91252612,-71.25808341
19,-22.46358682,-68.92825522
19,-20.27157022,-70.09403412
19,-2.19812857,-80.9818522
19,-2.15564516,-79.89378831
19,-2.1544248,-79.895018
19,-2.1544248,-79.895018
19,-2.1544248,-79.895018
19,-2.13535414,-79.59038734
19,-2.14464124,-79.96632786
19,-2.15738624,-79.88908664
19,-2.15489988,-79.89447822
19,-2.1545138,-79.89501087
19,-2.14553214,-79.96613402
19,29.5516705,-95.09770694
19,29.75176722,-95.36043563
19,29.7529793,-95.3760605
19,29.75217779,-95.35790358
19,29.28641801,-94.79330568
19,32.77933314,-96.80813359
19,32.75598496,-97.07033763
19,-2.15919998,-79.55600601
19,-2.1758675,-79.90534278
19,-2.17726427,-79.94129469
19,-2.1886301,-79.9225769
19,-2.1886301,-79.9225769
19,-2.14455009,-79.96614362
19,-1.18333,-79.05
19,-1.18333,-79.05
19,-1.18333,-79.05
19,0.04050787,-78.14112893
19,0.29259921,-78.3571755
19,-2.1833,-79.8833
20,-2.1833,-79.8833
20,-0.086795,-79.280759
20,-2.1833,-79.8833
21,-2.038519,-79.869492
21,-2.14479011,-79.89346587
21,-2.16521,-79.9190799
21,-2.16521,-79.9190799
21,-2.16521,-79.9190799
21,-2.16521,-79.9190799
21,-2.16842979,-79.88664793
21,-2.16521,-79.9190799
21,-2.16521,-79.9190799
21,-2.16521,-79.9190799
21,-2.13692885,-79.90514538
21,-2.16842979,-79.88664793
21,-2.16842979,-79.88664793
21,-2.16842979,-79.88664793
21,-2.038519,-79.869492
21,-2.0581782,-79.87559687
21,-2.0581782,-79.87559687
21,-2.0581782,-79.87559687
21,-2.0581782,-79.87559687
21,-2.0581782,-79.87559687
21,-2.0581782,-79.87559687
21,-2.17018145,-79.89853865
21,-2.16941132,-79.89841572
21,-2.16893656,-79.89797913
21,-2.16893656,-79.89797913
21,-2.16842979,-79.88664793
21,-2.16941132,-79.89841572
21,-2.16941132,-79.89841572
21,-2.16941132,-79.89841572
21,-2.16941132,-79.89841572
21,-2.16893656,-79.89797913
21,-2.16941132,-79.89841572
21,-2.16941132,-79.89841572
21,-2.16941132,-79.89841572
21,-2.16842979,-79.88664793
21,-2.16842979,-79.88664793
21,-2.16842979,-79.88664793
21,-2.16842979,-79.88664793
21,-2.141459,-79.896397
21,-2.16842979,-79.88664793
21,-2.17647959,-79.88687156
21,-2.16842979,-79.88664793
21,-2.16842979,-79.88664793
21,-2.16842979,-79.88664793
21,-2.2011499,-79.8883896
21,-2.2011499,-79.8883896
21,-2.2011499,-79.8883896
21,-2.16842979,-79.88664793
21,-2.17001828,-79.89864728
21,-2.16842979,-79.88664793
21,-2.15131,-79.8863831
21,-2.15131,-79.8863831
21,-2.16678734,-79.89496409
21,-2.16678734,-79.89496409
22,-1.95,-79.7333
22,-1.95,-79.7333
22,-2.14047444,-79.86430544
22,-2.09841963,-79.87499496
22,-2.16667,-79.9
22,-1.64487803,-78.67387428
22,-1.6743,-78.6483
22,-1.6743,-78.6483
22,-1.64489279,-78.67428623
22,-1.64489279,-78.67428623
22,-1.6743,-78.6483
22,-1.6743,-78.6483
22,-1.58333,-78.6333
22,-1.6016975,-78.64831759
22,-1.95,-79.7333
22,-1.95,-79.7333
22,-1.95,-79.7333
22,-2.1833,-79.8833
22,-2.1833,-79.8833
22,-2.12808807,-79.86467979
22,-2.1833,-79.8833
22,-2.14843252,-79.88420004
22,-2.14588925,-79.89740104
22,-2,-77.5
22,-2.15275866,-79.86845255
22,-2.14820936,-79.86651333
22,-2.1833,-79.8833
22,-2,-77.5
23,-2.2187888,-79.8876115
23,-2.1883934,-79.8898021
24,-0.9444238,-80.7284538
24,-0.94559561,-80.72267532
24,-0.9444238,-80.7284538
24,-0.9444238,-80.7284538
24,-0.9444238,-80.7284538
24,-0.9444238,-80.7284538
24,-0.9444238,-80.7284538
24,-0.9444238,-80.7284538
24,-0.95,-80.73333
24,-0.95,-80.73333
24,-1.14105502,-80.39816898
24,-1.14105502,-80.39816898
24,-0.95,-80.73333
24,-0.95,-80.73333
24,-0.95,-80.73333
24,-0.95,-80.73333
24,-1.7,-79.5
24,-0.95,-80.73333
24,-0.95429189,-80.77885927
24,-0.9541721,-80.72775357
24,-0.94559647,-80.72813425
24,-0.97826691,-80.68840906
24,-0.95,-80.73333
24,-0.95,-80.73333
24,-0.95,-80.73333
24,-0.95,-80.73333
24,-0.95352342,-80.77748833
24,-0.95352342,-80.77748833
24,-0.95352342,-80.77748833
24,-0.95002222,-80.7162
24,-0.95,-80.73333
24,-0.95,-80.73333
24,-0.95,-80.73333
24,-0.95,-80.73333
24,-0.95,-80.7333
24,-0.95,-80.7333
24,-0.95,-80.7333
24,-0.95,-80.7333
24,-0.94491273,-80.73449649
24,-0.95002222,-80.7162
24,-0.95,-80.7333
24,-0.95,-80.7333
24,-0.95,-80.7333
24,-0.95,-80.7333
24,-0.95,-80.7333
24,-0.95,-80.7333
24,-0.95,-80.7333
24,-0.95,-80.7333
24,-0.95,-80.7333
24,-0.95,-80.7333
24,-0.95,-80.7333
24,-0.95002222,-80.7162
24,-0.95,-80.7333
24,-0.95261235,-80.7296812
24,-0.95261235,-80.7296812
24,-0.95261235,-80.7296812
24,-0.95261235,-80.7296812
24,-0.95261235,-80.7296812
24,-0.95261235,-80.7296812
24,-0.95261235,-80.7296812
24,-0.95429524,-80.77886183
24,-0.95791641,-80.81022025
24,-0.95261235,-80.7296812
24,-0.95002222,-80.7162
24,-0.95261235,-80.7296812
24,-0.96002829,-80.68680338
24,-0.94692022,-80.73195141
24,-0.95408825,-80.77795464
24,-0.95261235,-80.7296812
24,-0.95261235,-80.7296812
24,-0.95261235,-80.7296812
24,-0.95261235,-80.7296812
24,-0.95261235,-80.7296812
24,-0.95261235,-80.7296812
24,-0.95254573,-80.72969656
24,-0.95254573,-80.72969656
25,-1.03333,-79.45
25,-0.93426,-78.6155701
25,-0.93426,-78.6155701
26,-23.52738968,-46.66471216
26,-23.52738968,-46.66471216
26,-23.55685301,-46.68816388
26,-23.7056596,-46.7011469
26,-23.7056596,-46.7011469
26,-23.7056596,-46.7011469
26,-23.7056596,-46.7011469
26,-23.44953536,-46.48952635
26,-2.22016673,-79.90329534
26,-1.39794435,-78.42229872
26,-0.20386891,-78.48722935
26,-0.20386891,-78.48722935
27,-0.13155337,-78.48693482
27,-0.0969765,-78.47501962
27,-2.21105036,-79.89609718
27,-2.2769003,-79.90707806
27,-0.19280094,-78.51629785
27,-1.39798727,-78.42452974
27,4.59695833,-74.07634735
27,4.67677626,-74.0483129
27,-0.13385584,-78.4985046
28,-2.15841722,-79.8873064
28,-2.15841722,-79.8873064
28,-2.15841722,-79.8873064
28,-2.15841722,-79.8873064
28,-2.15841722,-79.8873064
28,-2.13515171,-79.89707163
28,-2.16099546,-79.89996655
28,-2.16099546,-79.89996655
28,-2.15841722,-79.8873064
28,-2.15841722,-79.8873064
28,-2.15841722,-79.8873064
28,-2.15841722,-79.8873064
28,-2.15841722,-79.8873064
28,-2.15841722,-79.8873064
28,-2.15841722,-79.8873064
28,-2.13515171,-79.89707163
28,-2.15841722,-79.8873064
28,-2.15841722,-79.8873064
28,-2.15841722,-79.8873064
28,-2.15841722,-79.8873064
28,-2.15841722,-79.8873064
28,-2.15841722,-79.8873064
28,-2.15841722,-79.8873064
28,-2.15841722,-79.8873064
28,-2.15841722,-79.8873064
28,-2.15841722,-79.8873064
28,-2.15841722,-79.8873064
28,-2.15841722,-79.8873064
28,-3.33333,-79.8167
28,-2.15841722,-79.8873064
28,-2.13515171,-79.89707163
28,-2.13515171,-79.89707163
28,-2.15841722,-79.8873064
28,-2.13515171,-79.89707163
28,-2.15841722,-79.8873064
28,-2.13515171,-79.89707163
29,-2.19172504,-80.98902004
29,-2.11607568,-79.87244797
30,-0.10771745,-78.48907471
30,-0.10771745,-78.48907471
30,-0.10771745,-78.48907471
31,-2.0498989,-79.8753203
31,-2.0498989,-79.8753203
31,-2.0498989,-79.8753203
31,-2.22141928,-79.90493024
31,-2.22141928,-79.90493024
31,-2.22007323,-79.90383567
31,-2.22007323,-79.90383567
31,-2.22007323,-79.90383567
31,-2.22007323,-79.90383567
31,-2.17731208,-79.94133217
31,-2.22389658,-79.90386112
31,-2.24197666,-79.89470178
31,-2.17018026,-79.92206558
31,-2.1869254,-79.8886879
32,-7.97649395,-78.81384203
32,-9.10467337,-78.55814842
32,-7.97649395,-78.81384203
32,-9.09550588,-78.57222778
32,-7.97653,-78.813476
32,-7.9,-78.5833
32,-8.106354,-79.031264
33,-2.16509,-79.89670012
33,-2.16509,-79.89670012
33,-2.16509,-79.89670012
33,-2.16509,-79.89670012
33,-2.16509,-79.89670012
33,-2.16509,-79.89670012
33,-2.16509,-79.89670012
34,-2.1833,-79.8833
34,-2.1766455,-79.88364502
35,-3.05806422,-79.7459938
35,-3.05806422,-79.7459938
35,-3.05806422,-79.7459938
35,-2.04889102,-79.9012172
35,-2.15729395,-79.88835314
35,-0.94391231,-80.73012236
35,-2.13784381,-79.89946538
35,-1.05401568,-80.45755163
35,-1.05401568,-80.45755163
35,-0.1713,-78.49094
35,-0.1849933,-78.47942901
35,-1.6715039,-78.65177815
35,-2.04189846,-79.85714927
35,-2.10383859,-79.90417216
35,-2.13173088,-79.88965147
35,0.36458485,-78.11255693
35,0.36458485,-78.11255693
35,0.36458485,-78.11255693
35,-2.13256,-79.86817
35,-2.88023387,-79.06609307
36,-2.1575,-79.88361111
36,-2.1686992,-79.90117731
37,-0.16633964,-78.48394632
37,0.04227486,-78.14595795
37,0.33219096,-78.2173488
37,0.34847785,-78.1284733
37,-0.18060567,-78.47458117
37,-0.124368,-78.359813
37,4.69816216,-74.14091349
37,6.20050288,-75.57410742
37,6.19632921,-75.57403352
37,6.20050288,-75.57410742
37,6.20050288,-75.57410742
37,6.1654303,-75.42388916
37,4.69816216,-74.14091349
37,-0.124368,-78.359813
37,-0.124368,-78.359813
37,-2.14880383,-79.88433838
37,-2.15103921,-79.89185393
37,-2.16646076,-79.89238841
37,-2.15740904,-79.89272192
37,-2.16951186,-79.89798546
37,-2.15740904,-79.89272192
37,-2.15103921,-79.89185393
37,-2.14880383,-79.88433838
37,-0.124368,-78.359813
37,-0.18664182,-78.49717289
37,-0.10771745,-78.48907471
37,-0.124368,-78.359813
37,-2.89015198,-78.98676395
37,-2.89015198,-79.0322113
37,-2.89015198,-78.98676395
37,-0.124368,-78.359813
37,-0.35497356,-78.44959738
37,-0.10771745,-78.48907471
37,-0.1053847,-78.45697492
37,-0.124368,-78.359813
37,-3.4447944,-79.99567209
37,-3.44961141,-80.22649733
37,-3.48167195,-80.24211043
37,-3.26179559,-79.94053743
37,-3.26927499,-80.00063896
37,-3.4447944,-79.99567209
37,-1.24272143,-78.63164227
37,-0.124368,-78.359813
37,-2.14880383,-79.88433838
37,-2.15740904,-79.89272192
37,-2.15740904,-79.89272192
37,-2.16646076,-79.89238841
37,-2.14880383,-79.88433838
37,-0.124368,-78.359813
37,-0.36000689,-78.47262754
37,-0.101681,-78.444747
37,-1.39883081,-78.4182938
37,-0.20369,-78.485679
37,-0.09793277,-78.4764576
37,-0.1214902,-78.47878247
37,-0.1214902,-78.47878247
37,-0.10771745,-78.48907471
37,-0.1214902,-78.47878247
37,-0.10771745,-78.48907471
37,-0.10771745,-78.48907471
37,-0.095483,-78.452346
38,-0.19343718,-78.48625779
38,-0.2074255,-78.49281371
38,-0.36204814,-78.14914727
38,-0.21059751,-78.48493703
38,-0.209761,-78.483232
38,-0.20791986,-78.48963733
38,-0.21275119,-78.48451233
38,-0.18471701,-78.48841094
38,-0.18934215,-78.48714352
38,-0.19343718,-78.48625779
38,-0.198823,-78.487268
38,-0.21595825,-78.48543648
38,-0.1827713,-78.48203461
38,-0.20728884,-78.42598455
38,-0.18934215,-78.48714352
38,-0.18471701,-78.48841094
38,-0.20975964,-78.3650036
38,-0.20728884,-78.42598455
38,-0.17779799,-78.4854269
38,-0.21182391,-78.50299343
38,-0.2110364,-78.50066858
38,-0.19343718,-78.48625779
38,-0.18471701,-78.48841094
38,-0.209761,-78.483232
38,-0.21465994,-78.48534769
38,-0.20459559,-78.48433213
38,-0.21465994,-78.48534769
38,-0.19814058,-78.49060844
38,-0.21514524,-78.48621895
38,-0.213779,-78.49524744
38,-0.20555668,-78.49186254
38,-0.19343718,-78.48625779
38,-0.19380533,-78.48555565
38,-0.206648,-78.488465
38,-0.20747378,-78.48916054
38,-0.19343718,-78.48625779
38,-0.07458588,-78.44118666
38,-0.095111,-78.437881
38,0.13366877,-78.18590546
38,0.04190651,-78.14592367
38,0.82172791,-77.71415262
38,0.8050098,-77.73402264
38,0.81417426,-77.66463821
38,0.81439061,-77.66472209
39,-0.24900349,-78.52134064
39,-0.214995,-78.5074
39,-0.18257279,-78.49412655
39,-0.1968818,-78.48873943
39,-0.30603164,-78.44842602
39,-0.24900349,-78.52134064
39,-0.12946893,-78.5016063
39,-0.21330805,-78.5019614
39,-0.10524949,-78.47509
39,-0.18987363,-78.48868285
39,-0.19236767,-78.48699331
39,-0.25,-78.5833
39,-0.20842635,-78.497356
39,-0.182512,-78.49045861
40,-2.15168105,-79.89302853
40,-2.15448988,-79.91050635
40,-0.20191591,-78.4799881
40,-0.20191591,-78.4799881
40,-0.20191591,-78.4799881
40,-0.20191591,-78.4799881
40,-2.1886301,-79.9225769
40,-2.15168105,-79.89302853
40,-2.17886111,-79.89436944
40,-2.17886111,-79.89436944
41,-2.1144014,-79.9074096
41,-2.1144429,-79.9073838
41,-2.1143714,-79.9073816
41,-2.1986308,-79.8825912
41,-2.1142174,-79.9073941
42,-2.18325814,-79.88121124
42,-2.16392584,-79.91284787
42,-2.18325814,-79.88121124
42,-2.17846561,-79.89268226
42,-33.54869134,-70.77259775
42,-2.19105782,-79.94487616
42,-1.83333,-80.75
42,-2.24165359,-79.89544943
42,-2.1575,-79.88361111
42,-0.26032652,-78.53615858
42,-34.7615204,-58.2492773
42,-2.18325814,-79.88121124
42,-2.18325814,-79.88121124
42,-2.18325814,-79.88121124
42,-2.24088651,-79.89827217
42,-0.96667,-79.55
42,-0.96667,-79.55
42,-2.24867613,-79.88760363
42,-0.26032652,-78.53615858
42,-2.1916,-79.90469
42,-2.18798,-81.01005
42,-2.20137066,-80.97786993
42,-2.1834699,-79.88198
42,-2.21862,-79.90404
42,-2.19203838,-79.88146869
42,-2.12554502,-79.937966
42,-2.08432384,-79.87008545
42,-2.21705095,-79.89523
42,-2.221483,-79.894873
42,-2.12695511,-79.90651182
42,-2.04756915,-79.91314663
42,-2.12695511,-79.90651182
42,-2.24672053,-79.90023787
42,-2.24672053,-79.90023787
42,-2.1886301,-79.9225769
42,-2.17442316,-79.89630947
42,-2.2417153,-79.89522072
42,-2.1833,-79.8833
42,-2.2014629,-80.97769876
42,-2.22399777,-79.89151263
42,-2.24197666,-79.89470178
42,-2.13016914,-79.86522992
43,-2.15229307,-79.89064165
43,-2.15224536,-79.8908186
43,-2.15224536,-79.8908186
43,-2.15224536,-79.8908186
43,-2.19651179,-79.88792423
43,-2.15224536,-79.8908186
43,-2.15224536,-79.8908186
43,-2.15224536,-79.8908186
43,-2.15224536,-79.8908186
43,-2.19169438,-79.88386865
43,-2.19099173,-79.8841559
44,-0.10350851,-78.48370645
44,40.7142,-74.0064
44,40.7142,-74.0064
44,40.7774776,-73.95091401
45,-0.95319831,-80.72724421
45,-2.90966252,-79.01859682
45,-1.46667,-77.9833
45,-1.46667,-77.9833
45,-1.481959,-78.006706
45,-0.95002222,-80.7162
45,-0.95002222,-80.7162
45,-0.95002222,-80.7162
45,-0.95319831,-80.72724421
45,-0.95002222,-80.7162
45,-0.95319831,-80.72724421
46,-2.8825538,-79.0386139
46,-2.8825526,-79.038597
46,-2.8825222,-79.038534
46,-2.8824925,-79.038653
46,-2.8824426,-79.0387349
46,-2.892701,-78.9975223
46,-2.8927087,-78.997535
46,-2.8929979,-78.9973727
46,-2.8825296,-79.0393428
46,-2.8825274,-79.0393436
47,-3.25861769,-79.94391846
47,-3.25861769,-79.94391846
47,-3.250907,-79.95937
47,-3.66667,-79.65
47,-2.18247645,-79.89749998
47,-1.39567047,-78.42452261
47,-1.39793966,-78.42128272
47,-1.4,-78.41667
47,-3.26496176,-79.95760241
47,-2.18247645,-79.89749998
47,-2.17018026,-79.92206558
47,-2.17018026,-79.92206558
47,-2.16667,-79.9
47,-2.13500998,-79.89720756
47,-2.18247645,-79.89749998
47,-3.25861769,-79.94391846
47,-3.2675699,-80.00224381
47,-3.26667,-79.9667
47,-3.26496176,-79.95760241
47,-3.25997663,-79.95706894
47,-3.26267,-79.96053
47,-3.25879258,-79.95848616
47,-12.00189,-77.011
47,45.00003503,-93.46811523
47,-3.26667,-79.9667
47,-3.26667,-79.9667
47,-2.17018026,-79.92206558
48,-2.0049814,-79.48837747
48,-2.0049814,-79.48837747
48,-2.15079425,-79.60319547
48,-2.15079425,-79.60319547
48,-2.15079425,-79.60319547
48,-2.15630394,-79.89174896
48,-2.1563417,-79.8915071
48,-2.15630394,-79.89174896
48,-4.58129784,-79.42644945
48,-2.15571504,-79.89182052
48,-2.15525696,-79.8922751
48,-2.1558956,-79.89216751
48,-2.15539077,-79.91223704
48,-2.131,-79.591932
48,-2.1306143,-79.5927013
48,-2.131,-79.591932
48,-2.13035698,-79.59318906
48,-2.06667,-79.5333
48,-2.06667,-79.5333
48,-2.06667,-79.5333
49,-0.20659286,-78.4964685
49,-0.25,-78.5833
49,-0.25,-78.5833
49,-2.73333,-78.8333
49,-1.26667,-80.43333
49,-0.22474331,-78.51382314
49,-2.73816643,-78.84654456
49,-2.73816643,-78.84654456
49,-0.25,-78.5833
49,-1.82525028,-80.75415533
49,-0.21164768,-78.48788007
49,-2.73333,-78.8333
49,-2.73984912,-78.84648019
49,-0.214995,-78.5074
49,-0.25,-78.5833
49,-0.12468371,-78.36009135
49,-2.73848098,-78.84668734
49,-2.7389891,-78.8480569
49,-2.7389891,-78.8480569
50,-0.2154246,-78.4902355
50,-0.2153604,-78.490202
50,-0.2154505,-78.490187
50,-0.2154611,-78.4902767
50,-0.2151805,-78.4901161
50,-0.2151611,-78.4901015
50,-0.2151964,-78.4901399
50,-0.2150283,-78.4900583
50,-0.2150237,-78.4900376
50,-0.2131814,-78.4948598
50,-0.2136762,-78.4911063
50,-0.2151727,-78.4901296
50,-0.2154814,-78.4902866
50,-0.2130304,-78.4921323
50,-0.2150575,-78.4900515
50,-0.2150445,-78.4900646
50,-0.2152865,-78.4901615
51,-1.7990925,-80.7568529
51,-2.0805714,-79.9160239
51,-2.0861931,-79.8686771
51,-2.0861829,-79.8686287
51,-2.0862212,-79.8687025
52,-2.1991177,-79.88292407
52,-2.192331,-79.88149075
52,-2.1833,-79.8833
52,-2.1833,-79.8833
52,-1.97941069,-80.75387356
52,-1.97941069,-80.75387356
52,-1.97941069,-80.75387356
52,-2.1833,-79.8833
52,-2.1833,-79.8833
52,-1.97941069,-80.75387356
52,-1.97941069,-80.75387356
52,-1.97602213,-80.74837102
52,-1.97602213,-80.74837102
52,-2.1833,-79.8833
52,-2.1833,-79.8833
52,-2.1833,-79.8833
52,-2.1833,-79.8833
52,-2.1833,-79.8833
52,-2.1833,-79.8833
52,-2.1833,-79.8833
52,-2.1833,-79.8833
52,-2.1833,-79.8833
52,-2.1833,-79.8833
52,-2.1833,-79.8833
52,-2.1833,-79.8833
52,-2.1833,-79.8833
52,-2.1833,-79.8833
52,-2.1833,-79.8833
52,-2.1833,-79.8833
52,-2.1833,-79.8833
52,-2.1833,-79.8833
52,-2.1833,-79.8833
52,-2.1833,-79.8833
52,-2.1833,-79.8833
52,-2.1833,-79.8833
52,-2.1833,-79.8833
52,-2.1833,-79.8833
52,-2.1833,-79.8833
52,-2.1833,-79.8833
52,-2.1833,-79.8833
52,-2.1833,-79.8833
52,-2.1833,-79.8833
52,-2.1833,-79.8833
52,-2.1833,-79.8833
52,-2.1833,-79.8833
52,-2.1833,-79.8833
52,-2.1833,-79.8833
52,-2.1833,-79.8833
52,-2.1833,-79.8833
52,-2.1833,-79.8833
52,-2.1833,-79.8833
52,-2.1833,-79.8833
52,-2.1833,-79.8833
52,-2.1833,-79.8833
52,-2.1833,-79.8833
52,-2.1833,-79.8833
52,-2.1833,-79.8833
52,-2.1833,-79.8833
52,-2.1833,-79.8833
52,-2.1833,-79.8833
52,-2.1833,-79.8833
52,-2.1833,-79.8833
52,-2.1833,-79.8833
52,-2.1833,-79.8833
52,-2.1833,-79.8833
52,-2.1833,-79.8833
53,-0.966667,-79.55
53,-2.0581782,-79.87559687
53,-2.07316815,-79.84644938
54,-0.22803657,-78.48774915
54,-0.20238853,-78.49009985
54,-0.20238853,-78.49009985
54,-0.20238853,-78.49009985
54,-0.19780464,-78.50690227
54,-0.14127717,-78.48907471
54,-0.16483411,-78.48714057
54,-0.16483411,-78.48714057
54,0.009664,-78.008724
54,0.009664,-78.008724
54,0.009664,-78.008724
54,0.009664,-78.008724
54,0.009664,-78.008724
54,-0.17498698,-78.49241594
54,-0.28875467,-78.4459877
54,-0.28875467,-78.4459877
54,-0.228437,-78.488605
54,-0.14127717,-78.48907471
54,-0.19756485,-78.50769963
54,-0.19756485,-78.50769963
54,-0.30716991,-78.453487
54,-0.30716991,-78.453487
54,-0.30716991,-78.453487
54,-0.6639,-78.7147
54,-0.6639,-78.7147
54,-0.6639,-78.7147
54,-0.6639,-78.7147
54,-0.376252,-78.495341
54,-0.39191803,-78.51575676
54,-0.39191803,-78.51575676
54,-0.39191803,-78.51575676
54,-0.20373071,-78.49084753
54,-0.19915884,-78.43604705
54,-0.19915884,-78.43604705
54,-0.20633,-78.510675
54,-0.289192,-78.446671
54,-0.289159,-78.446615
54,-0.26272572,-78.41949915
54,-0.26272572,-78.41949915
54,-0.26272572,-78.41949915
54,-0.12468371,-78.36009135
54,-0.12468371,-78.36009135
54,8.97752414,-79.51799773
54,8.97752414,-79.51799773
54,8.97752414,-79.51799773
54,8.97752414,-79.51799773
54,8.97752414,-79.51799773
54,8.97752414,-79.51799773
54,8.97752414,-79.51799773
54,8.97752414,-79.51799773
54,-0.9497589,-78.68180752
54,-0.25,-78.5833
54,-0.20633,-78.510675
54,-0.10750379,-78.48919796
54,28.47664496,-81.46844473
54,-0.29693655,-78.4275787
54,0.20130209,-78.23470704
54,-0.14127717,-78.48907471
54,-0.14127717,-78.48907471
54,-0.933333,-78.6167
54,-0.933333,-78.6167
54,-0.9497589,-78.68180752
54,-1.6743,-78.6483
54,-0.93411508,-78.61787822
54,-1.63396844,-78.7815783
54,-0.15998375,-78.48332448
54,-0.15998375,-78.48332448
54,-0.15998375,-78.48332448
54,-0.30846713,-78.45016736
54,-0.30846713,-78.45016736
54,-0.30846713,-78.45016736
54,-0.30846713,-78.45016736
54,-0.30731563,-78.45065814
54,-0.30731563,-78.45065814
55,-2.900128,-79.005897
55,-2.900128,-79.005897
55,-2.900128,-79.005897
55,-2.900128,-79.005897
55,-2.900128,-79.005897
55,-2.900128,-79.005897
55,-2.900128,-79.005897
55,-2.900128,-79.005897
55,-2.900128,-79.005897
55,-2.900128,-79.005897
55,-2.900128,-79.005897
55,-2.900128,-79.005897
55,-2.900128,-79.005897
55,-2.900128,-79.005897
55,-2.900128,-79.005897
55,-2.900128,-79.005897
55,-2.900128,-79.005897
55,-2.900128,-79.005897
55,-2.900128,-79.005897
55,-2.900128,-79.005897
55,-2.900128,-79.005897
55,-2.900128,-79.005897
55,-2.900128,-79.005897
55,-2.900128,-79.005897
55,-2.900128,-79.005897
55,-2.900128,-79.005897
55,-2.900128,-79.005897
55,-2.900128,-79.005897
55,-2.900128,-79.005897
55,-2.900128,-79.005897
55,-2.900128,-79.005897
55,-2.900128,-79.005897
55,-2.900128,-79.005897
55,-2.900128,-79.005897
55,-2.900128,-79.005897
55,-2.900128,-79.005897
55,-2.900128,-79.005897
55,-2.900128,-79.005897
55,-2.900128,-79.005897
55,-2.900128,-79.005897
55,-2.900128,-79.005897
55,-2.170997,-79.922355
55,-2.900128,-79.005897
55,-2.900128,-79.005897
55,-2.900128,-79.005897
55,-2.900128,-79.005897
55,-2.900128,-79.005897
55,-2.900128,-79.005897
55,-2.900128,-79.005897
55,-2.900128,-79.005897
55,-2.900128,-79.005897
55,-2.900128,-79.005897
55,-2.900128,-79.005897
55,-2.900128,-79.005897
55,-2.900128,-79.005897
55,-2.900128,-79.005897
55,-2.900128,-79.005897
55,-2.900128,-79.005897
55,-2.900128,-79.005897
55,-2.900128,-79.005897
55,-2.900128,-79.005897
55,-2.900128,-79.005897
55,-2.900128,-79.005897
55,-2.900128,-79.005897
55,-2.900128,-79.005897
55,40.712783,-74.005943
55,40.712783,-74.005943
55,40.730248,-74.1472801
55,40.7302056,-74.147115
55,40.7830609,-73.971252
55,40.7830609,-73.971252
55,40.7830609,-73.971252
55,0.380296,-78.103836
56,10.46091082,-66.91214007
56,10.48621306,-66.89857449
56,10.49050594,-66.89221983
56,10.59639865,-67.03921135
56,10.48421923,-66.90069786
56,-2,-77.5
56,1.2162632,-77.2890244
56,0.23970951,-78.25596041
56,-0.95790705,-80.80998957
56,-0.95790705,-80.80998957
56,-0.95790705,-80.80998957
56,-0.86833333,-80.53888889
56,-0.87405608,-80.54101298
56,0.62083333,-77.93972222
56,-0.98704568,-80.4241011
57,-12.06869894,-77.02338696
57,-13.16576807,-72.54308103
57,-12.108737,-77.026188
57,-12.10512365,-77.01793671
57,-12.061674,-76.977604
57,-12.10653361,-77.02656636
57,-12.06727778,-77.03372222
57,-12.06229776,-77.02545861
57,-12.08635182,-77.03428656
57,-12.108737,-77.026188
57,-12.10653361,-77.02656636
57,-12.0564075,-77.0372517
57,-12.08888421,-77.03166962
58,-0.70110981,-80.09637028
58,-0.25,-78.5833
58,-0.17471543,-78.49250338
58,-0.266667,-79.4333
58,-0.19901295,-78.43673323
58,-0.30813104,-78.44990973
58,-0.30796994,-78.44961827
58,-0.24373013,-78.49557978
58,-0.25,-78.5833
58,-0.21604271,-78.50385847
58,-0.27341146,-78.5096221
58,-0.30656175,-78.45163572
58,-0.7011851,-80.09670248
58,-0.7011851,-80.09670248
58,-0.683333,-80.1
58,-0.7011851,-80.09670248
59,22.27006672,114.14975903
59,22.30049392,114.16801119
59,22.31490415,113.93348947
59,-0.12276684,-78.50201359
59,-0.00194444,-78.45583333
59,-0.16182331,-78.49762709
59,-0.12276684,-78.50201359
59,-0.14127717,-78.48907471
59,-0.12276684,-78.50201359
59,-0.00194444,-78.45583333
59,-0.12276684,-78.50201359
59,-1.6328765,-79.25486926
59,-1.6328765,-79.25486926
59,-0.00194444,-78.45583333
59,-0.12276684,-78.50201359
59,-0.00194444,-78.45583333
59,-0.00194444,-78.45583333
59,-0.12336375,-78.49929166
59,-0.09316888,-78.4550406
59,-0.12336375,-78.49929166
59,-0.12336375,-78.49929166
59,-0.12336375,-78.49929166
59,-0.12336375,-78.49929166
59,-0.12336375,-78.49929166
59,-0.12336375,-78.49929166
59,-0.00252339,-78.45418595
59,-0.12336375,-78.49929166
59,-0.12336375,-78.49929166
59,-0.12336375,-78.49929166
59,-0.12336375,-78.49929166
59,-0.12336375,-78.49929166
59,-0.12336375,-78.49929166
59,-0.12336375,-78.49929166
59,-0.12336375,-78.49929166
59,-0.12287499,-78.49853132
59,-0.12287499,-78.49853132
59,-0.12287499,-78.49853132
59,-0.25,-78.5833
59,-0.25,-78.5833
59,-0.25,-78.5833
59,-0.12287499,-78.49853132
59,-0.12287499,-78.49853132
59,-0.12287499,-78.49853132
60,-0.25,-78.5833
60,-0.25,-78.5833
60,-0.25,-78.5833
60,-0.22808918,-78.33881193
60,-0.25,-78.5833
60,-0.18299493,-78.48088043
60,-0.19618641,-78.48217979
60,-0.09910928,-78.49603141
60,-0.09910928,-78.49603141
60,-0.20541803,-78.48052491
60,-0.25,-78.5833
60,-0.1897978,-78.45282692
60,-0.17974524,-78.48184616
60,-0.17974524,-78.48184616
60,-2.1575,-79.88361111
60,-2.1787506,-79.87606097
60,-0.25,-78.5833
60,-0.18373919,-78.48126877
60,-0.40789741,-78.54725416
60,-0.40789741,-78.54725416
60,-0.20517227,-78.4477451
60,-0.20517227,-78.4477451
60,-0.20517227,-78.4477451
60,-0.17647921,-78.48267078
60,-0.1963091,-78.4799402
60,-0.17617,-78.482933
60,-0.2207287,-78.51491219
60,-0.21987851,-78.51190226
60,-0.18253033,-78.48412844
60,-0.1929951,-78.4768753
60,-0.1929951,-78.4768753
60,-0.25,-78.5833
60,-0.18165,-78.480217
60,-0.18253033,-78.48412844
60,-0.25,-78.5833
60,-0.25,-78.5833
60,-0.25,-78.5833
60,-0.25,-78.5833
60,-0.25,-78.5833
60,-0.25,-78.5833
60,-0.25,-78.5833
60,-0.25,-78.5833
60,-0.25,-78.5833
60,-0.18253033,-78.48412844
60,-0.17954237,-78.47879925
60,-0.18253033,-78.48412844
60,-0.21150426,-78.50708572
60,-0.21150426,-78.50708572
60,-0.09579712,-78.41266314
60,-0.12468371,-78.36009135
60,-0.21817817,-78.42817834
60,-2.1787506,-79.87606097
60,-0.19647775,-78.43572267
60,-0.19647775,-78.43572267
60,-0.19647775,-78.43572267
60,-0.19647775,-78.43572267
60,-0.19647775,-78.43572267
60,-0.19647775,-78.43572267
60,-0.19647775,-78.43572267
60,-0.19647775,-78.43572267
60,-0.19647775,-78.43572267
60,-0.19647775,-78.43572267
60,-0.19647775,-78.43572267
60,-0.19647775,-78.43572267
60,-0.19647775,-78.43572267
60,-0.19647775,-78.43572267
60,-0.19647775,-78.43572267
60,-0.19647775,-78.43572266
60,-0.19647775,-78.43572267
60,-0.19647775,-78.43572267
60,-0.19647775,-78.43572267
60,-0.19647775,-78.43572267
60,-0.19647775,-78.43572267
60,-0.19647775,-78.43572267
60,-0.19647775,-78.43572267
60,-0.19647775,-78.43572267
60,-0.19647775,-78.43572267
60,-0.19647775,-78.43572267
60,-0.19647775,-78.43572267
60,-0.19647775,-78.43572267
60,-0.19647775,-78.43572267
60,-0.17617,-78.482933
60,-0.25,-78.5833
60,-0.17617,-78.482933
60,-0.165,-78.479538
60,-0.17829,-78.4777603
60,-0.17371841,-78.47998992
60,-0.19323199,-78.48525967
60,-0.19323199,-78.48525967
60,-0.19323199,-78.48525967
60,-0.19323199,-78.48525967
60,-0.19323199,-78.48525967
60,-0.25,-78.5833
60,-0.17617,-78.482933
60,-0.17371841,-78.47998992
60,-0.17617,-78.482933
60,-0.17371841,-78.47998992
60,-0.17667146,-78.47987473
60,-0.213385,-78.489944
60,-0.213385,-78.489944
60,-0.25,-78.5833
60,-0.25,-78.5833
60,-0.20153621,-78.42964746
60,-0.20153621,-78.42964746
60,-0.25,-78.5833
61,-2.89990586,-79.01022245
61,-2.90216927,-78.97893842
61,-2.89985439,-79.01032656
61,-2.90210059,-78.97879938
61,-2.90207412,-78.97880298
61,-2.90217358,-78.97893956
62,-2.88113597,-78.98382419
62,-2.88754596,-78.98812262
62,-2.88272048,-78.98521808
62,-2.87488507,-78.98135995
62,-2.897846,-78.996589
62,-2.87484776,-78.98131755
62,-2.86730309,-79.03767365
62,-2.8893006,-79.02205458
62,-2.88266302,-78.9852842
62,-2.88267486,-78.98535184
62,-2.88264311,-78.98535098
62,-2.88264311,-78.98535098
62,-2.88243483,-78.98502773
62,-2.23261383,-78.81266353
62,-2.88258462,-78.98536924
62,-2.94079999,-79.04628485
62,-2.89515981,-79.01913185
63,-2.19123315,-79.88288685
63,-2.16181636,-79.94257062
63,-2.16214609,-79.94251881
63,-2.16175853,-79.94249539
63,-2.16187949,-79.94258572
63,-2.16177379,-79.94251266
63,-2.16181637,-79.94256589
63,-2.19287324,-79.88141021
63,-2.19119123,-79.88286757
63,-2.19124189,-79.88289493
63,-2.19116228,-79.88286449
63,-2.19122646,-79.88288878
63,-2.16168462,-79.94246662
63,-2.1617562,-79.94287351
63,-2.16178346,-79.9426997
63,-2.15711048,-79.93056831
63,-2.13445626,-79.93368874
64,-0.17971261,-78.50776506
64,-0.17972169,-78.50770623
64,-0.17967504,-78.5077399
64,-0.17968396,-78.50779611
64,-0.17967613,-78.50770693
64,-0.17973662,-78.50770268
64,-0.17994629,-78.50708052
64,-0.17994629,-78.50708052
64,-0.18427281,-78.49352717
64,-0.2214373,-78.5208607
65,-2.17352556,-79.90925648
65,-2.17352556,-79.90925648
65,-2.17352556,-79.90925648
65,-2.17352556,-79.90925648
65,-2.17352556,-79.90925648
65,-2.17352556,-79.90925648
65,-2.16981676,-79.91197325
65,-2.1833,-79.8833
65,-2.173794,-79.909522
65,-2.17352556,-79.90925648
66,6.210909,-75.572299
66,6.23199195,-75.55810052
66,6.1740152,-75.6136134
66,5.74713017,-75.60596219
66,5.067006,-75.51738
66,4.81421362,-75.68734836
66,4.5286,-75.7042
66,3.44722198,-76.54166895
66,3.76329883,-76.33425005
66,3.90222,-76.3028
66,3.51088,-76.41247
66,6.0356111,-75.4310259
66,6.1394044,-75.2656134
66,6.1394044,-75.2656134
66,6.14946103,-75.39038425
66,6.03221231,-75.43024631
66,6.010475,-75.454992
66,6.267417,-75.568389
66,6.13876141,-75.37920492
66,10.42294917,-75.54913548
66,6.17667,-75.3392
66,6.17115206,-75.42793177
66,4.80776,-75.744
66,6.5551448,-75.8264972
66,3.43722,-76.5225
66,6.11667,-75.9833
66,-2.1430891,-79.87951671
66,8.8618188,-76.41801295
66,10.4,-75.5
66,-2.1833,-79.8833
66,10.17728813,-75.77095064
66,-4.21697543,-81.18125947
66,6.1299678,-75.38033237
66,10.4,-75.5
66,-4.21697543,-81.18125947
66,6.0024575,-75.0731815
66,4.5286,-75.7042
66,-4.10656904,-81.05486632
66,-4.21809303,-81.18092855
66,6.16722222,-75.42666667
66,-4.1066023,-81.055505
66,-4.21809303,-81.18092855
66,6.1394044,-75.2656134
66,6.1485701,-75.3603318
66,3.48379583,-76.50183978
66,3.43722,-76.5225
66,-2.1833,-79.8833
66,10.4,-75.5
67,-0.698368,-80.084974
67,-0.69596617,-80.0969887
67,-0.69618065,-80.09390709
67,-0.70529143,-80.10357088
67,-0.69967425,-80.09572301
67,-0.69968592,-80.09563208
67,-0.69066319,-80.09615164
68,-2.1833,-79.8833
68,-2.14518784,-79.8834202
68,-2.1833,-79.8833
68,-2.26681195,-80.15150239
68,-2.14154063,-79.86580224
68,-2.1833,-79.8833
68,-2.1833,-79.8833
68,-2.1833,-79.8833
68,-2.18005397,-79.87494156
68,-2.1575,-79.88361111
68,-2.89676131,-79.00415153
68,-2.89676131,-79.00415153
68,-2.18342591,-79.88746099
68,-2.17639166,-79.88851439
68,-2.26681118,-80.15149783
68,21.13577447,-86.74513239
68,40.4187423,-3.70402041
68,29.3697,47.9783
68,29.3697,47.9783
68,29.3697,47.9783
68,29.3032,47.9354
68,29.30296257,47.93724039
68,29.3697,47.9783
68,29.33964025,48.06570245
68,29.36789651,47.96159871
68,29.3697,47.9783
68,29.3697,47.9783
68,29.36857,47.97283
68,29.33964025,48.06570245
68,29.3697,47.9783
68,29.3032,47.9354
68,29.3697,47.9783
68,29.3697,47.9783
68,29.3697,47.9783
68,29.30298678,47.93601483
68,29.3697,47.9783
68,29.3697,47.9783
68,29.3697,47.9783
68,29.3697,47.9783
68,29.3697,47.9783
68,29.3203253,48.02833181
68,29.3697,47.9783
68,29.3697,47.9783
68,29.3697,47.9783
68,29.3697,47.9783
68,29.3697,47.9783
68,29.34102604,48.05585933
68,29.3697,47.9783
68,29.3697,47.9783
68,29.3697,47.9783
68,29.3697,47.9783
68,29.3697,47.9783
68,29.3697,47.9783
68,37.3772,-5.98694
68,37.34033199,-6.0238476
68,-2.1833,-79.8833
68,-2.10461003,-79.87438202
68,-2.1833,-79.8833
68,-2.16099456,-79.89999304
68,-2.199395,-79.917195
68,-2.18845466,-79.96632072
68,-2.28154,-79.8811
68,-2.1833,-79.8833
68,-2.14421683,-79.86872207
68,-2.14421683,-79.86872207
68,-2.1833,-79.8833
68,-2.1833,-79.8833
68,-2.1833,-79.8833
68,-2.17286935,-79.91055248
68,-2.09833881,-79.87505046
68,-2.1833,-79.8833
68,40.77274259,-73.972216
68,40.74047242,-73.99591563
68,40.7764893,-73.9641037
68,-2.15629273,-79.89172859
69,3.4283581,-76.5523426
69,3.4283581,-76.5523426
69,-12.13165636,-77.03026299
70,-12.15437095,-76.98330402
70,-12.0433,-77.0283
70,-12.1223041,-77.03491526
70,-12.0433,-77.0283
70,-12.12499643,-77.03757024
71,-12.1032818,-76.9942416
71,-12.1032439,-76.9942397
71,-12.103206,-76.9942379
71,-12.1048143,-76.9936144
71,-12.1047578,-76.9935251
71,-12.1047803,-76.9935271
71,-12.1047729,-76.9935299
71,-12.1047613,-76.9935309
71,-12.1048342,-76.9935366
71,-12.0407511,-77.0156535
71,-12.0397406,-77.0153861
71,-12.0399986,-77.0173045
71,-12.1047951,-76.9935942
71,-12.1047195,-76.9935208
71,-12.1037875,-76.9941264
71,-12.1047271,-76.9935992
71,-12.1045487,-76.993561
71,-12.1111528,-76.9934658
71,-12.1046186,-76.9934431
71,-12.1046037,-76.9934759
71,-12.1046368,-76.9934813
71,-12.1046947,-76.9934323
71,-12.1044675,-76.993511
71,-12.1045344,-76.9935156
71,-12.0457239,-77.0299004
71,-12.1047002,-76.9934329
71,-12.1046894,-76.9934225
71,-12.1046584,-76.9934484
71,-12.1047298,-76.9935247
71,-12.1047368,-76.9935245
71,-12.1047546,-76.9935443
71,-12.1048034,-76.9934977
71,-12.104812,-76.9935125
71,-12.1047968,-76.9935478
71,-12.1047903,-76.9936308
71,-12.1048716,-76.9935168
71,-12.1048727,-76.9935427
71,-12.1048293,-76.993533
71,-12.1048056,-76.9935541
72,-12.11493505,-77.00700488
72,-12.04989129,-77.07424114
72,-12.04989129,-77.07424114
72,-12.04989129,-77.07424114
72,-12.04773361,-77.07452716
72,34.96719586,137.05701744
72,-12.04989129,-77.07424114
72,-12.0500855,-77.075849
72,-12.0500855,-77.075849
72,-12.0500855,-77.075849
72,-12.0500855,-77.075849
72,-12.0500855,-77.075849
72,-12.16924444,-76.99675067
72,-12.0500855,-77.075849
72,-12.0500855,-77.075849
73,-2.23692771,-79.92998825
73,-2.23694063,-79.92992019
73,-2.23693441,-79.92993329
73,-2.18713492,-79.9093168
73,-2.18713492,-79.9093168
73,-2.17544427,-79.9127562
73,-2.18711578,-79.90934193
73,-2.14856855,-79.88415034
73,25.67928707,-80.44423121
73,25.67534342,-80.45322622
73,25.63572366,-80.42781251
73,25.72535133,-80.37468961
73,25.67880064,-80.44441493
73,25.67534342,-80.45322622
73,25.67534342,-80.45322622
73,25.63572629,-80.4278121
73,25.67573494,-80.43675155
73,25.67891414,-80.44444831
73,-2.18253848,-79.91063116
73,-2.18253848,-79.91063116
73,-2.18714341,-79.90931341
73,-2.1854701,-79.9084073
73,-2.18253848,-79.91063116
73,-2.18711465,-79.90932322
73,-2.15651107,-79.89585525
73,-2.15651107,-79.89585525
73,-2.17981577,-79.89122772
73,-2.18714498,-79.90928367
73,-2.18710292,-79.90923603
73,-2.18713135,-79.90931028
73,-2.18713135,-79.90931028
73,-0.10092369,-78.46664489
73,1.09512706,-79.16380873
73,1.09670093,-79.16340945
73,1.09670093,-79.16340945
73,1.09670093,-79.16340945
73,1.09670093,-79.16340945
73,1.09670093,-79.16340945
73,1.09670093,-79.16340945
73,1.09670093,-79.16340945
73,1.09670093,-79.16340945
73,1.09670093,-79.16340945
73,1.09670093,-79.16340945
73,-2.18466086,-79.91122446
73,-2.16655233,-79.94174219
73,-2.17664,-79.9117126
73,-2.17664,-79.9117126
73,-2.15769107,-79.92137843
73,-2.17245513,-79.91511428
73,-2.17546221,-79.91275343
73,-2.17664,-79.9117126
73,-2.17664,-79.9117126
73,-2.16349212,-79.89773651
73,-1.55077778,-79.53478435
73,-0.55795287,-80.42776708
73,-2.17244406,-79.91583187
73,-0.12460849,-78.35999533
73,25.67534342,-80.45322622
73,25.78127324,-80.1883402
73,25.77305556,-80.18722222
73,25.78127324,-80.1883402
73,25.78127324,-80.1883402
73,25.67534342,-80.45322622
73,25.67281328,-80.43224089
73,25.67281328,-80.43224089
73,-2.18466086,-79.91122446
73,-2.17664,-79.9117126
73,-2.17245513,-79.91511428
73,-2.67868298,-80.35826898
73,-2.17664,-79.9117126
73,-2.17664,-79.9117126
73,-2.17567016,-79.94350926
73,-2.18466086,-79.91122446
73,-2.17664,-79.9117126
73,-2.17664,-79.9117126
73,-2.18466086,-79.91122446
73,-2.18466086,-79.91122446
74,-2.68333,-79.6667
74,-1.49401113,-80.79289411
74,-1.49401113,-80.79289411
74,-1.83333333,-80.75
74,-2.1695788,-79.89802953
74,-2.18247645,-79.89749998
74,-2.24899185,-79.64473077
75,33.69353417,-117.95479658
75,33.81254191,-118.16717103
75,33.75780712,-118.11310751
75,33.91656989,-118.10468176
75,34.08316055,-118.32109947
75,33.73297861,-117.99245102
75,33.73305555,-117.99260735
75,33.68574283,-118.00801194
75,33.65919629,-118.00026594
75,41.45340286,-122.44334488
75,41.64361182,-122.53298942
75,45.40654201,-122.56822273
75,49.29170385,-123.13191534
75,49.29170385,-123.13191534
75,49.2920719,-123.13174649
75,-0.2690102,-78.53910572
76,-2.15727411,-79.88884239
76,-2.14799225,-79.89325139
76,-2.14799225,-79.89325139
76,-2.16491559,-79.89793429
76,-2.16491559,-79.89793429
76,-2.16491559,-79.89793429
76,-2.14799225,-79.89325139
76,-2.14799225,-79.89325139
76,-2.14799225,-79.89325139
76,-2.14799225,-79.89325139
76,-2.14799225,-79.89325139
76,-2.1833,-79.8833
77,-1.4454529,-79.4602551
77,-1.4434116,-79.459525
78,-1.05376072,-80.4431385
78,-0.24097159,-79.17036841
78,-1.0542229,-80.4419518
78,-1.0540663,-80.441841
78,-1.0540201,-80.4418158
78,-1.05,-80.45
78,-1.05436304,-80.44219799
78,-1.0562,-80.4552
78,0.983333,-79.7
78,-0.79957895,-80.24098603
78,-0.79957895,-80.24098603
78,-0.79957895,-80.24098603
78,-0.79957895,-80.24098603
78,-0.79957895,-80.24098603
78,-0.15,-78.35
78,-1.0562,-80.4552
78,-1.05176675,-80.46035606
78,-1.05176675,-80.46035606
78,-1.05176675,-80.46035606
78,-0.87034985,-80.54003698
78,-1.05176675,-80.46035606
78,-1.05048638,-80.46292346
78,-1.05176675,-80.46035606
78,-1.05048638,-80.46292346
78,-0.17829,-78.4777603
78,-1.05426886,-80.44229677
78,-1.05426886,-80.44229677
78,-1.06271905,-80.46009988
78,-1.05176675,-80.46035606
78,-1.06271905,-80.46009988
78,-1.06271905,-80.46009988
78,-1.01816007,-80.46828016
78,-1.05937245,-80.47361538
78,-1.05937245,-80.47361538
78,-1.05937245,-80.47361538
78,-1.05937245,-80.47361538
78,-1.05532272,-80.45310709
78,-1.0562,-80.4552
78,-0.15,-78.35
78,-1.0562,-80.4552
78,-1.0562,-80.4552
78,-1.0562,-80.4552
78,-1.0562,-80.4552
78,-0.15,-78.35
78,-2.1833,-79.8833
78,-1.0562,-80.4552
78,-1.06132956,-80.46559323
78,-1.0562,-80.4552
78,-12.07916945,-77.05531597
78,-1.05176675,-80.46035606
78,-1.05937245,-80.47361538
78,-0.25,-78.5833
78,-0.25,-78.5833
78,-0.17748109,-78.4853797
78,-0.20310511,-78.49085889
78,-0.25,-78.5833
78,-0.25,-78.5833
78,-1.01816007,-80.46828016
78,-1.05176675,-80.46035606
78,-1.0562,-80.4552
78,-1.05427262,-80.44230969
78,-1.05937245,-80.47361538
78,-1.05937245,-80.47361538
78,-1.04848611,-80.45395
78,-1.0543506,-80.45088137
78,-1.05536747,-80.45285758
78,-1.05176675,-80.46035606
78,-1.0543506,-80.45088137
78,-0.86675133,-80.5386779
78,-1.05427262,-80.44230969
78,-1.05176675,-80.46035606
78,-1.05176675,-80.46035606
78,-1.0562,-80.4552
78,-1.05466846,-80.44315901
78,-1.05466846,-80.44315901
78,-1.05401568,-80.45755163
78,-1.05466846,-80.44315901
78,-1.02986622,-80.46375932
78,-1.02955115,-80.3442967
78,-0.95,-80.6333
79,-2.0785935,-79.9210965
79,-2.0786203,-79.9210236
79,-2.0786207,-79.9210229
79,-2.0786208,-79.9210227
79,-2.0786112,-79.921019
79,-2.0786115,-79.921019
79,-2.0785617,-79.9210175
79,-2.0785695,-79.9210164
79,-2.0761214,-79.9224478
79,-2.0786115,-79.9211382
79,-2.0786155,-79.9210151
79,-2.0785841,-79.9210137
79,-2.078546,-79.9209911
79,-2.0785709,-79.9210068
79,-2.0785552,-79.9210024
79,-2.2325904,-80.9256465
79,-2.2325924,-80.9256869
79,-2.2326003,-80.925707
79,-2.2326754,-80.9257402
79,-2.2326794,-80.9257914
79,-2.2326775,-80.9257521
79,-2.2326842,-80.9257526
79,-2.2326807,-80.9256549
79,-2.0785385,-79.9210404
79,-2.078528,-79.9210802
79,-2.0785394,-79.9210592
79,-2.0785296,-79.921094
79,-2.0785563,-79.9210532
79,-2.0785287,-79.9210647
79,-2.0785233,-79.9211118
79,-2.0785228,-79.9210741
79,-2.0785575,-79.9211108
79,-2.0785611,-79.9211066
79,-2.0785541,-79.9211311
79,-2.0785874,-79.9210613
79,-2.078555,-79.9210951
79,-2.0785876,-79.9210616
79,-2.0786346,-79.9211158
79,-2.0785784,-79.9210286
79,-2.0785887,-79.9210275
79,-2.23265711,-80.92574846
79,-2.23259323,-80.92568484
79,-2.232624,-80.9257458
79,-2.23258925,-80.92569728
79,-2.23256567,-80.92572103
79,-2.23256456,-80.92572509
79,-2.2326252,-80.9257475
79,-2.23255951,-80.92568889
79,-2.2326248,-80.9257473
79,-2.2325694,-80.92569296
79,-2.23257929,-80.92569676
80,-2.222871,-79.8920579
80,-2.2733485,-79.8913259
80,-2.26384918,-79.87942207
80,-2.27545679,-79.88447847
80,-2.1946358,-79.9034302
80,-2.2731364,-79.8897907
80,-2.18352974,-79.87606109
80,-2.12862499,-79.89972057
80,-2.192331,-79.88149075
80,-2.2733373,-79.8913752
80,-2.1754089,-79.94426
80,-2.23891952,-79.92446266
80,-0.8695567,-80.539498
80,-1.05175618,-80.46042319
80,-1.05175618,-80.46042319
80,-1.05210705,-80.48154008
80,-0.9063443,-80.4342977
80,-1.0575855,-80.4839144
80,-2.2730743,-79.8925225
80,-0.20242001,-78.49077075
80,-0.20242001,-78.49077075
80,-0.20242001,-78.49077075
80,-0.22901444,-78.51828042
80,-2.26591423,-79.90524058
80,-1.05899459,-80.48264921
80,-1.05899459,-80.48264921
80,-1.05899459,-80.48264921
80,-1.05899459,-80.48264921
80,-1.05899459,-80.48264921
80,-2.13658164,-79.89395759
80,-2.13658164,-79.89395759
80,-2.13658164,-79.89395759
80,-2.18368663,-79.87607495
80,-2.15769107,-79.92137843
80,-2.15769107,-79.92137843
80,-2.26706238,-79.90222973
80,-2.16138127,-79.90407546
80,-2.16140778,-79.91610671
80,-2.07197587,-79.83529667
80,-2.275605,-79.88291
80,-2.275605,-79.88291
80,-4.10659349,-81.05770577
80,-4.10651937,-81.05592903
80,-2.16667,-79.9
80,-2.2025777,-79.8163842
80,-0.94059487,-80.73131158
80,-2.16103363,-79.90458057
80,-2.16103363,-79.90458057
80,-2.16103363,-79.90458057
80,-2.16103363,-79.90458057
80,-2.17184979,-79.90605903
80,-2.1879101,-79.8932037
80,8.9812055,-79.52101143
80,8.97752414,-79.51799773
80,-2.1586627,-79.89587
80,-2.1261777,-79.9015726
80,-2.17004513,-79.89840514
80,-2.04697325,-79.91434636
80,-1.67097483,-78.6525451
80,-1.56593018,-78.5317703
80,-1.67097483,-78.6525451
80,-2.1879101,-79.8932037
80,-2.15568701,-79.88997298
80,-2.15568701,-79.88997298
80,-2.19044295,-79.87889213
80,-2.11978065,-79.89739674
80,-2.15572881,-79.88996667
81,-0.25,-78.5833
81,-0.25,-78.5833
81,-0.17658266,-78.48576711
81,-0.25,-78.5833
81,-0.25,-78.5833
81,-0.25,-78.5833
81,-0.25,-78.5833
81,-0.25,-78.5833
81,-0.213385,-78.489944
81,-0.213385,-78.489944
81,-0.213385,-78.489944
81,-0.213385,-78.489944
81,-0.213385,-78.489944
81,-0.213385,-78.489944
81,-0.213385,-78.489944
81,-0.213385,-78.489944
81,-2,-77.5
81,-0.25,-78.5833
81,-2.170996,-79.908446
81,-0.213385,-78.489944
82,-2.139304,-79.5861918
82,-2.1393026,-79.5861796
83,5.06361,-75.8753
83,5.06361,-75.8753
83,5.06361,-75.8753
83,5.06361,-75.8753
83,5.06361,-75.8753
83,5.06361,-75.8753
83,5.06361,-75.8753
83,5.06361,-75.8753
83,5.06361,-75.8753
83,5.06361,-75.8753
83,5.06361,-75.8753
83,5.06361,-75.8753
83,5.06361,-75.8753
83,5.06361,-75.8753
83,5.06361,-75.8753
83,5.06361,-75.8753
83,5.06191573,-75.87338608
83,5.06361,-75.8753
83,4.8143,-75.6946
83,4.8143,-75.6946
83,4.8143,-75.6946
83,4.8143,-75.6946
83,4.8143,-75.6946
83,4.8143,-75.6946
84,-2.7194086,-78.84539
84,-2.7194086,-78.84539
85,-1.68109,-78.65313
85,-1.68109,-78.65313
85,-1.68109,-78.65311
85,-1.68109,-78.65311
85,-1.68168,-78.65228
85,-1.67287,-78.66216
85,-1.68128,-78.65315
85,-1.68109,-78.65311
86,-2.1806378,-79.8560673
86,-2.1521275,-79.8988588
86,-2.1519565,-79.8989283
86,-2.1519429,-79.8988638
86,-2.1519345,-79.8989257
87,-2.22020455,-79.93661068
87,-2.22020455,-79.93661068
87,-2.24012877,-79.8946722
87,-2.24012877,-79.8946722
88,-0.25,-78.5833
88,-0.29606766,-78.55672462
88,-1.25,-78.4833
88,-1.31667,-78.5167
89,-2.20559415,-80.96452989
89,-2.22110813,-80.90990407
89,-2.22160856,-80.90610922
89,-2.22055754,-80.90832371
89,-2.22160856,-80.90610922
89,-2.22770704,-80.90512626
89,-2.22770704,-80.90512626
89,-2.22770704,-80.90512626
89,-2.22770704,-80.90512626
89,-2.22770704,-80.90512626
89,-2.22770704,-80.90512626
89,-2.22770704,-80.90512626
89,-2.22770704,-80.90512626
89,-2.22770704,-80.90512626
89,-2.22770704,-80.90512626
89,-2.22770704,-80.90512626
89,-2.22770704,-80.90512626
89,-2.22770704,-80.90512626
89,-2.22109925,-80.91129524
89,-2.23234706,-80.90607851
89,-2.23234706,-80.90607851
89,-2.23333,-80.9
89,-2.22770704,-80.90512626
89,-2.22591621,-80.92119269
89,-2.22591621,-80.92119269
89,-2.22591621,-80.92119269
89,-2.22591621,-80.92119269
89,-2.22770704,-80.90512626
89,-2.22770704,-80.90512626
89,-1.56667,-80.4167
89,-0.95261448,-80.72116075
89,-1.55321449,-80.42637887
89,-2.22770704,-80.90512626
89,-2.22770704,-80.90512626
89,-2.23333,-80.9
89,-2.22110813,-80.90990407
89,-2.23333,-80.9
89,-2.2049893,-80.97314578
89,-2.2049893,-80.97314578
89,-2.2049893,-80.97314578
89,-1.55321449,-80.42637887
89,-1.55321449,-80.42637887
89,-1.83333,-80.75
89,-1.83333,-80.75
89,-2.22110813,-80.90990407
89,-2.23333,-80.85
89,-2.23333,-80.85
89,-2.23333,-80.85
89,-2.23333,-80.85
89,-2.23333,-80.85
89,-2.23333,-80.85
89,-2.23333,-80.9
89,-1.83333,-80.75
89,-1.83333,-80.75
89,-2.23333,-80.9
89,-1.83333,-80.75
89,-2.23333,-80.9
89,-2.23333,-80.9
89,-2.23374287,-80.91109508
89,-2.23333,-80.9
89,-2.22770704,-80.90512626
89,-2.23333,-80.9
89,-2.23333,-80.85
89,-2.23333,-80.85
89,-2.22770704,-80.90512626
89,-2.23333,-80.85
89,-2.22770704,-80.90512626
89,-2.22770704,-80.90512626
89,-2.22770704,-80.90512626
89,-2.21667,-80.9667
89,-2.19849333,-80.98096345
89,-2.23333,-80.85
89,-2.23333,-80.9
89,-2.2342519,-80.91422035
89,-2.2049893,-80.97314578
89,-2.22648617,-80.90870575
89,-2.23333,-80.85
89,-2.21667,-80.9667
89,-2.21667,-80.9667
89,-2.23374287,-80.91109508
89,-2.22770704,-80.90512626
89,-2.21667,-80.9667
89,-1.82717202,-80.7530133
89,-1.82717202,-80.7530133
89,-2.22160856,-80.90610922
89,-2.22160856,-80.90610922
89,-2.22160856,-80.90610922
89,-2.21753244,-80.89543897
89,-2.21753244,-80.89543897
89,-1.82717202,-80.7530133
89,-1.82717202,-80.7530133
89,-1.83333,-80.75
89,-2.22770704,-80.90512626
89,-2.23374287,-80.91109508
89,-2.23374287,-80.91109508
89,-2.23374287,-80.91109508
89,-2.22738001,-80.91032114
89,-2.22738001,-80.91032114
89,-2.1575,-79.88361111
89,-2.1575,-79.88361111
89,-2.22576513,-80.92123994
89,-2.22566461,-80.92085413
89,-2.19072343,-79.88480074
89,-2.194546,-79.884124
89,-2.1833,-79.8833
89,-1.83333,-80.75
89,-2.19503479,-79.88296172
89,-2.22103899,-80.91075876
89,-2.23333,-80.85
89,-2.22867116,-80.93359014
89,-2.23333,-80.85
89,-2.22160856,-80.90610922
89,-2.217386,-80.901256
89,-2.217386,-80.901256
89,-1.83333,-80.75
89,-1.83333,-80.75
89,-2.23374287,-80.91109508
89,-2.23374287,-80.91109508
89,-2.23333,-80.9
89,-2.23234706,-80.90607851
89,-2.23234706,-80.90607851
89,-2.23234706,-80.90607851
89,-2.20534208,-80.971888
89,-2.20534208,-80.971888
89,-2.23333,-80.9
89,-2.23374287,-80.91109508
89,-2.23374287,-80.91109508
89,-2.23374287,-80.91109508
89,-2.21995297,-80.92197226
89,-2.21995297,-80.92197226
89,-2.21995297,-80.92197226
89,-2.22084592,-80.92205693
89,-2.20534208,-80.971888
89,-2.20596315,-80.96906084
89,-2.22160856,-80.90610922
89,-2.23333,-80.9
89,-2.23333,-80.9
90,-0.9284453,-80.4483151
90,-0.928411,-80.448228
90,-1.0467567,-80.4538311
90,-0.9284337,-80.4483501
90,-0.9284154,-80.4482215
90,-0.9284287,-80.4482722
90,-0.9284258,-80.4483236
90,-0.9284239,-80.448263
90,-0.9284258,-80.4482488
90,-0.9284561,-80.4481729
90,-0.9284302,-80.4483366
90,-0.9284746,-80.4483142
90,-0.9284276,-80.4482928
90,-0.928423,-80.4482188
91,-2.1920605,-79.8814409
91,-0.96521309,-80.70688581
92,-3.68796597,-79.61781182
92,0.96094,-79.65429
92,-0.76207108,-78.61363625
92,-0.3335289,-78.38385174
92,-2.19270403,-78.84278924
92,-1.64143865,-78.6782034
92,-0.34669523,-78.85477048
92,-0.00608518,-78.45034788
92,-3.691234,-79.612527
92,-3.68796597,-79.61781182
92,-2.90618462,-79.70636671
92,-1.72401822,-78.76103305
92,-1.72401822,-78.76103305
92,-0.14291578,-78.49339095
92,-0.29557074,-78.4803704
92,-1.03542508,-77.66685261
92,-1.03333,-77.6667
92,-1.035275,-77.671799
92,-0.3216468,-78.45152154
92,-3.69349954,-79.55141013
92,-2.30427,-79.251595
92,0.08372054,-76.88057523
92,0.08257403,-76.88027568
92,-0.04206678,-76.58692343
92,-0.87522442,-77.79251458
92,-1.3980606,-78.42162418
92,-1.155904,-78.584959
92,-0.71137389,-78.59755591
92,-0.39266574,-78.5152261
92,-0.39266574,-78.5152261
92,-3.25861769,-79.94391846
92,-3.25861769,-79.94391846
92,-3.05570624,-79.74410822
92,-1.70030423,-78.76605596
92,-2.98327861,-79.68497644
92,-2.97884181,-79.72571759
92,-3.26667,-79.9833
92,-0.3335289,-78.38385174
92,-0.99268087,-77.81382983
92,-0.992246,-77.81532747
92,-0.07468727,-78.48084132
92,-0.20223138,-78.4934504
92,-0.2942558,-78.47846307
92,-2.99588635,-79.79172501
92,-3.26997606,-80.00109205
92,-2.91667,-78.7333
92,-2.91667,-78.7333
92,-1.74677274,-78.77652848
92,-0.10147031,-77.5925466
92,-0.158571,-77.649491
92,-0.78990706,-75.52730132
92,-0.29653054,-76.85860071
92,-0.983333,-77.8167
92,-0.29013831,-78.48154587
92,-0.5,-78.56667
92,-0.40687929,-76.62073936
92,-1.4,-78.4167
92,0.09075,-76.89393
92,-0.983333,-77.8167
92,-0.25,-78.5833
92,-3.2455487,-79.83267286
92,-23.5561199,-46.6908684
92,-23.55,-46.6333
92,-22.9,-43.2333
92,-22.94500346,-43.19647497
92,-22.9,-43.2333
92,-22.9,-43.2333
92,-22.9880909,-43.19334079
92,-22.98521048,-43.18953492
92,-22.98987604,-43.19153273
92,-22.91244645,-43.23019235
92,-22.91432222,-43.17895278
92,-23.97640919,-46.31810394
92,-23.545531,-46.473373
92,-23.96551865,-46.3493627
92,-1.46916667,-78.8175
92,-0.36224352,-78.1493495
92,-0.20266596,-78.48945266
92,-1.04168585,-79.64059286
92,-0.25,-78.5833
92,-0.20098558,-78.43272712
92,-0.20098558,-78.43272712
92,-0.1776768,-78.4795396
92,-0.3335289,-78.38385174
92,-0.25,-78.5833
92,-1.66756797,-78.66162691
92,-0.30986873,-78.45281124
92,-0.36667,-78.38333
92,-0.4,-78.4
92,-0.4,-78.4
93,38.37998,-0.50208
93,19.4655629,-99.11179758
93,39.4922,-0.46163
93,39.4568469,-0.34603338
93,38.39357612,-0.5182757
93,38.35934584,-0.48708286
93,37.96993,-1.21259148
93,38.34511,-0.47831
93,22.02863,-100.8584599
93,37.95744157,-1.14996382
93,38.33955889,-0.49248667
94,-0.24432913,-78.52809193
94,-0.23939018,-78.52963234
94,-0.23939018,-78.52963234
94,-0.23939018,-78.52963234
94,-0.23939018,-78.52963234
94,-0.23939018,-78.52963234
94,-0.23939018,-78.52963234
94,-0.20222846,-78.49088179
94,-0.27888611,-78.54619722
94,-0.27888611,-78.54619722
94,-0.29188619,-78.52200773
94,-0.28632612,-78.54951776
94,-0.41850612,-78.40684509
94,-0.24432913,-78.52809193
94,-0.24432913,-78.52809193
94,-0.24432913,-78.52809193
94,-0.89533395,-78.61113716
94,-0.27827596,-78.54607995
94,-0.36667,-78.13333
94,-0.36667,-78.13333
94,-0.91394674,-77.8087555
94,-0.25146686,-78.52253223
94,-0.24432913,-78.52809193
94,-0.24432913,-78.52809193
94,-0.20197308,-78.49092785
94,-0.24810719,-78.53337411
94,-0.23939018,-78.52963234
94,-0.22152164,-78.51330085
94,-0.24725234,-78.53081002
94,-0.045595,-78.455335
94,-0.24432913,-78.52809193
94,-0.2788157,-78.5464421
94,-0.24432913,-78.52809193
94,-0.20266572,-78.49127992
94,-0.24432913,-78.52809193
94,-0.27888611,-78.54619722
94,-0.24432913,-78.52809193
94,-0.20266572,-78.49127992
95,-0.71667,-75.28333
95,-0.10246944,-78.49109399
95,-0.10725918,-78.48921354
95,-34.5,-59.0833
95,-34.5703,-59.105
95,-34.55318053,-59.09085446
95,-31.5342,-68.5261
95,-2.1575,-79.88361111
95,-2.14450848,-79.86431369
95,-2.1833,-79.8833
95,-38,-57.55
95,-33.2102247,-60.4801369
95,-2.1833,-79.8833
95,-33.1939536,-60.47352975
96,0.3543553,-78.1152359
96,-2.1636357,-79.7906083
96,-2.1636259,-79.790632
96,-2.163593,-79.7906646
96,-2.1635939,-79.7906661
96,-2.163593,-79.7906646
96,-2.1636472,-79.7905264
96,-2.1642954,-79.7910002
96,0.3542246,-78.1152304
96,0.3245694,-78.1317496
96,0.3541511,-78.115198
96,0.3541129,-78.1151749
96,-2.1636205,-79.7904253
96,-2.1636162,-79.7904676
96,-2.1636078,-79.7904931
96,-2.1636053,-79.7903932
96,-2.1636059,-79.7904167
96,-2.163605,-79.7904134
96,-2.1635982,-79.7906391
96,-2.1635996,-79.7906409
96,-2.1427995,-79.9263005
96,-2.1428193,-79.9263006
96,-2.142837,-79.9263046
96,-2.1428488,-79.9263202
96,-2.1428376,-79.9263155
96,-2.1427995,-79.9262913
96,-2.1427985,-79.9262916
96,-2.1428232,-79.9262971
96,-2.1428143,-79.9262998
96,-2.1428302,-79.9262938
96,-2.1428348,-79.9263018
96,-2.1635475,-79.7903184
96,-2.1636099,-79.7904877
96,-2.16366,-79.7905081
96,-2.163611,-79.7904867
96,-2.1636506,-79.7905119
96,-2.163682,-79.7905327
96,-2.1636876,-79.7905329
96,-2.1636952,-79.7905344
96,-2.1636099,-79.7904879
96,-2.1636813,-79.7905055
96,-2.1636813,-79.7905055
96,-2.1636414,-79.7904647
96,-2.1636415,-79.7904648
96,-2.1635937,-79.7906666
96,-2.163607,-79.7906249
96,-2.1636122,-79.7906091
96,-2.1427894,-79.9263151
96,-2.142793,-79.9263269
96,-2.1427909,-79.9262631
96,-2.1428049,-79.9263044
96,-2.1427908,-79.9262727
96,-2.1635937,-79.7906666
96,-2.1636147,-79.7906151
96,-2.1636197,-79.7905971
96,-2.1636574,-79.790633
96,-2.1636017,-79.7906676
96,0.3542704,-78.1152094
96,-2.1636772,-79.7905263
96,-2.1636601,-79.7906356
96,-2.1637067,-79.7907683
96,-2.1636377,-79.7907027
96,-2.1636904,-79.7907535
96,-2.163692,-79.7906936
96,-2.1637628,-79.7908239
96,-2.1637492,-79.790782
96,-2.1637165,-79.7906484
96,-2.163538,-79.7906026
96,-2.1427971,-79.9262928
96,-2.1427955,-79.9263001
96,-2.1427964,-79.9262964
96,-2.1427945,-79.9262847
96,-2.1428197,-79.926265
96,-2.1428291,-79.9263026
96,-2.1428402,-79.9263298
96,-2.1428348,-79.9263005
96,-2.1428109,-79.9263158
97,-12.1778957,-76.9632272
97,-12.1778959,-76.9632274
97,-12.1778957,-76.9632272
97,-12.1778959,-76.9632272
97,-12.1778959,-76.9632273
97,-12.1778961,-76.9632272
97,-12.1778957,-76.9632272
97,-12.1778959,-76.9632273
97,-12.1778959,-76.9632271
97,-12.1778957,-76.9632272
97,-12.1778947,-76.9632256
97,-12.1778957,-76.9632272
97,-12.1778961,-76.9632272
97,-12.1778959,-76.9632274
97,-12.1778959,-76.9632271
97,-12.1778957,-76.9632272
97,-12.1778957,-76.9632272
97,-12.1778957,-76.9632272
97,-12.1778957,-76.9632272
97,-12.1778959,-76.9632271
97,-12.1778957,-76.9632272
97,-12.1778959,-76.9632272
97,-12.1778961,-76.963225
97,-12.1778961,-76.963225
97,-12.1778969,-76.9632266
97,-12.1778962,-76.9632273
97,-12.1778959,-76.9632273
97,-12.1779157,-76.9632154
97,-12.1778959,-76.9632272
97,-12.1778959,-76.9632271
97,-12.1778957,-76.9632272
97,-12.1778947,-76.9632256
97,-12.1778962,-76.9632274
97,-12.1778961,-76.9632272
97,-12.1778957,-76.963226
97,-12.1778959,-76.9632273
97,-12.1778959,-76.963227
97,-12.1778613,-76.9632723
97,-12.1778957,-76.9632272
97,-12.1778543,-76.9632813
97,-12.1778566,-76.9632806
97,-12.1778678,-76.9632634
97,-12.1778681,-76.963268
98,-0.2758999,-78.5356356
98,-0.2757876,-78.5356554
98,-0.2666227,-78.535788
99,-0.19901295,-78.43673323
99,-0.19647775,-78.43572266
99,-0.19647775,-78.43572266
99,-0.19901295,-78.43673323
100,0.8758968,-79.8184898
100,0.8758958,-79.8184898
100,0.8758975,-79.8184877
100,0.8758935,-79.8184906
100,0.8758945,-79.8184898
100,0.8758948,-79.8184905
100,0.8758948,-79.8184917
100,0.8758933,-79.8184909
100,0.8758986,-79.8184882
100,0.8758973,-79.8184885
