id,lat,lng
1,-2.154,-79.894
2,48.857,2.3508
3,0.41989,-78.19
4,-0.19194,-78.519
5,-0.19827,-78.487
6,-2.1759,-79.909
7,-0.95405,-80.742
8,-2.1488,-79.884
9,-0.31801,-78.439
10,-2.1833,-79.883
11,9.0149,-79.474
12,53.48,-2.2551
13,33.944,-118.41
14,43.643,-79.379
15,-0.18943,-78.491
16,-2.1375,-79.919
17,-2.8992,-79.015
18,25.838,-80.383
19,-5.1785,-80.643
20,-1.0437,-80.464
21,40.703,-73.99
22,-2.0748,-80.731
23,-0.18512,-78.488
24,-0.45901,-77
25,0.27124,-79.957
26,-2.9056,-79.006
27,-2.1435,-79.893
28,9.5789,-65.635
29,-0.17753,-78.477
30,-11.986,-76.996
31,-0.16792,-78.485
32,42.305,-83.118
33,-2.2568,-79.869
34,33.918,-84.377
35,40.745,-73.949
36,-0.25,-78.583
37,-2.9039,-79.004
38,-0.1807,-78.482
39,-12.089,-77.007
40,-2.1678,-79.896
41,-2.1818,-79.996
42,-0.21941,-78.507
43,4.6801,-74.117
44,-2.1514,-79.907
45,4.597,-74.076
46,-0.14297,-78.496
47,-0.91379,-77.84
48,-0.15872,-78.478
49,-46.443,-67.509
50,-34.588,-58.41
51,-2.1822,-79.884
52,-12.113,-77.032
53,-0.20497,-78.505
54,-2.0299,-79.912
55,-1.5008,-78.063
56,-0.18049,-78.478
57,-2.1671,-79.92
58,-12.075,-77.035
59,-2.8992,-79.015
60,48.872,2.3552
61,-0.33933,-78.545
62,-12.121,-77.028
63,-2.1587,-79.887
64,-0.19675,-78.48
65,-0.2,-78.433
66,-0.20414,-78.493
67,-2.1896,-79.966
68,-27.496,153.01
69,-2.1833,-79.883
70,-2.9048,-78.986
71,-0.1835,-78.476
72,-0.20414,-78.437
73,-2.111,-79.91
74,-2.1833,-79.883
75,-8.1292,-79.038
76,48.859,2.2981
77,-0.2233,-79.163
78,-12.095,-77.012
79,-12.087,-77.055
80,-2.1326,-79.868
81,-33.041,-71.624
82,-2.8992,-79.015
83,-0.18018,-78.487
84,8.9667,-79.533
85,-0.17966,-78.479
86,-0.25,-78.583
87,-2.1667,-79.9
88,-0.1667,-78.451
89,-0.22603,-78.521
90,-0.20654,-78.518
91,-3.269,-79.948
92,-2.8928,-79.016
93,10.15,-70.717
94,-0.13461,-78.486
95,-0.15508,-78.461
96,30.393,-86.475
97,-12.094,-77.025
98,-2.1221,-79.922
99,28.479,-81.259
100,-2.1833,-79.883
101,-1.052,-80.46
102,-2.1833,-79.883
103,-2.6491,-80.382
104,33.426,-117.61
105,-0.27225,-79.459
106,-0.14643,-78.49
107,-12.146,-77.023
108,-2.2065,-79.899
109,-12.043,-77.028
110,40.4,-3.6833
111,-12.043,-77.028
112,-0.95773,-78.899
113,-0.2033,-78.499
114,0.95849,-79.654
115,-6.4893,-76.361
116,-2.1592,-79.898
117,-2.1689,-79.9
118,-2.8989,-79.014
119,-0.20471,-78.493
120,-2.1546,-79.899
121,-2.877,-78.949
122,-2.147,-79.869
123,-0.95002,-80.716
124,-2.1091,-79.901
125,-0.21182,-78.504
126,-0.1992,-78.496
127,-2.1473,-79.858
128,-2.1833,-79.883
129,-0.23,-78.52
130,4.8691,-75.62
131,41.402,2.1607
132,-2.1826,-79.894
133,-0.2054,-78.484
134,-2.1833,-79.883
135,-0.94733,-80.735
136,-1.2374,-78.63
137,-2.1633,-79.941
138,-0.25,-78.583
139,-12.044,-77.104
140,-2.187,-79.897
141,4.6032,-74.071
142,-2.1226,-79.925
143,-12.135,-77.027
144,-2.1632,-79.913
145,35.045,-85.267
146,-3.2641,-79.944
147,-2.1442,-79.89
148,-0.25,-78.583
149,-0.18505,-78.508
150,-0.25012,-79.175
151,40.75,-73.991
152,-1.2618,-78.639
153,-8.112,-79.029
154,-2.1682,-79.886
155,-13.158,-74.224
156,-2.1439,-79.962
157,8.9667,-79.533
158,-2.1634,-79.898
159,10.657,-63.256
160,-1.3961,-78.437
161,-2.1833,-79.883
162,0.33217,-78.217
163,-0.20525,-78.458
164,-2.303,-78.118
165,-1.2393,-78.621
166,-0.070339,-78.472
167,-2.1764,-79.942
168,-2.0592,-79.923
169,40.704,-74.016
170,-0.24861,-79.158
171,-1.2399,-78.637
172,-0.92625,-80.207
173,-2.1122,-79.873
174,-0.17808,-78.485
175,-2.1833,-79.883
176,6.2359,-75.575
177,-12.026,-77.026
178,-2.1748,-79.887
179,-12.052,-77.03
180,-2.1558,-79.893
181,-2.1489,-79.905
182,-0.18407,-78.491
183,-1.9163,-80.01
184,-2.1755,-79.898
185,-0.25,-79.15
186,-2.1483,-79.911
187,-2.1887,-79.929
188,-2.3314,-79.403
189,-2.1644,-79.897
190,-2.1607,-79.611
191,-0.90038,-89.61
192,1.206,-77.264
193,-2.1769,-79.905
194,-2.2111,-79.441
195,-0.95002,-80.716
196,-0.92679,-80.448
197,-11.959,-77.068
198,7.0694,-73.11
199,-0.21796,-78.521
200,-2.0637,-79.879
201,-2.128,-79.595
202,-0.1896,-78.484
203,-0.13014,-78.483
204,-2.1833,-79.883
205,-0.10772,-78.489
206,-0.93194,-78.616
207,-2.1702,-79.899
208,-2.119,-79.901
209,-2.1389,-79.894
210,-2.1702,-79.899
211,36.117,-115.17
212,-8.102,-79.039
213,-1.058,-80.475
214,-2.1535,-79.893
215,-2.1347,-79.925
216,-2.0482,-79.915
217,-1.6699,-78.654
218,-12.102,-77.032
219,-2.0983,-79.875
220,-2.1276,-79.87
221,-0.13335,-78.473
222,-2.169,-79.922
223,-0.18207,-78.486
224,12,-71.5
225,-2.2028,-79.92
226,-2.1696,-79.909
227,-2.0909,-79.914
228,-0.70361,-80.092
229,-1.6551,-78.647
230,39.489,-0.38586
231,-0.27376,-78.467
232,-2.1838,-79.982
233,-12.091,-76.967
234,-2.2066,-79.894
235,-2.1833,-79.883
236,10.995,-74.788
237,-2.1254,-79.887
238,-2.1833,-79.883
239,-0.25231,-79.17
240,-2.1069,-79.956
241,-0.93426,-78.616
242,-2.1789,-79.894
243,-0.25,-78.583
244,-2.1115,-79.504
245,-1.8596,-79.976
246,-1.557,-80.812
247,-3.1598,-79.146
248,-2.1648,-79.904
249,-1.4692,-78.817
250,-2.2804,-79.879
251,-2.1789,-79.894
252,-2.1358,-79.891
253,-0.14444,-78.48
254,-0.22828,-78.512
255,-0.25,-79.15
256,-2.003,-79.966
257,-0.27376,-78.467
258,-2.4209,-79.342
259,-2.1437,-79.889
260,-0.002676,-78.454
261,-0.25,-78.583
262,-0.18137,-78.481
263,-2.3254,-79.398
264,-2.6718,-80.364
265,-2.1561,-79.892
266,-0.20103,-78.503
267,-0.17377,-78.479
268,-0.25,-78.583
269,-2.0243,-79.918
270,-2.1702,-79.899
271,-0.21078,-78.501
272,-2.1291,-79.914
273,-2.1833,-79.883
274,-2.0773,-79.912
275,-2,-77.5
276,-2.1123,-79.873
277,-2.1558,-79.892
278,-2.1584,-79.887
279,-0.1366,-78.488
280,11.242,-74.205
281,-2.2564,-79.89
282,-2.2206,-80.909
283,-0.12505,-78.486
284,-0.097294,-78.466
285,-2.1761,-79.905
286,-2.1453,-79.897
287,-2.1502,-79.903
288,-2.1573,-80.811
289,-0.32382,-78.545
290,-2.1377,-79.923
291,-0.60285,-80.426
292,-0.94132,-80.735
293,-2.1833,-79.883
294,-2.1485,-79.939
295,-2.1711,-79.914
296,-2.1833,-79.883
297,-2.1806,-79.895
298,-2.1453,-79.899
299,-2.1886,-79.923
300,-2.2038,-79.897
301,-2.1873,-79.915
302,-0.08113,-78.463
303,-3.4476,-79.961
304,-2.0744,-79.845
305,-2.2149,-79.911
306,-2.1586,-79.896
307,-2.0035,-79.965
308,-1.0676,-80.474
309,-2.1886,-79.923
310,-2.1276,-79.94
311,-2.1616,-79.841
312,-2.1865,-79.884
313,-2.1723,-79.914
314,-2.1648,-79.896
315,-0.2201,-78.503
316,-1.0563,-80.46
317,-0.25,-78.583
318,-0.25,-78.583
319,-0.056981,-78.775
320,-2.1521,-79.904
321,14.563,-90.726
322,-0.22341,-78.513
323,-8.1127,-79.033
324,-2.9056,-79.003
325,-2.1539,-79.902
326,-2.1928,-79.882
327,-2.1623,-79.94
328,-1.2442,-78.623
329,-0.19209,-78.485
330,-2.0557,-79.875
331,-2.1329,-79.898
332,-0.25,-78.583
333,-1.0536,-80.461
334,-0.26901,-78.539
335,-2.1372,-79.901
336,-2.098,-79.875
337,-2.1833,-79.883
338,25.813,-80.134
339,-2.0917,-79.935
340,-2.1161,-79.872
341,-2.1607,-79.899
342,-2.2159,-80.855
343,-0.18321,-78.486
344,-0.16491,-78.481
345,-2.1833,-79.883
346,-2.1357,-79.906
347,-2.2287,-80.859
348,-2.1785,-79.809
349,-2.1376,-79.893
350,-2.0658,-79.914
351,-0.11589,-78.494
352,-12.13,-77.032
353,-2.1038,-79.904
354,-2.1479,-79.966
355,-1.2417,-78.62
356,-1.7995,-79.532
357,-2.2038,-79.897
358,-2.1833,-79.897
359,8.6319,-79.035
360,-2.1667,-79.895
361,-0.6,-80.417
362,-2.0209,-79.919
363,-2.1354,-79.59
364,-2.159,-79.898
365,-1.0533,-80.458
366,-0.26621,-78.535
367,-0.17857,-78.486
368,-2.098,-79.875
369,-1.0562,-80.455
370,-2.9205,-79.022
371,-2.1638,-79.9
372,-0.18166,-78.48
373,-2.1219,-79.865
374,-2.1711,-79.909
375,-0.25,-78.583
376,-0.20546,-78.486
377,-2.1776,-79.914
378,-1.0443,-80.466
379,0.86852,-79.851
380,-2.4,-79.333
381,-2.1282,-79.938
382,-1.8167,-79.517
383,-1.2417,-78.62
384,-2.1875,-79.879
385,-0.18085,-78.487
386,-2.2522,-79.884
387,-0.18485,-78.481
388,-2.1702,-79.944
389,-2.1269,-79.906
390,-2.9163,-78.992
391,-2.1108,-79.901
392,-0.20414,-78.493
393,-2.2398,-79.895
394,-2.1634,-79.898
395,-1.6634,-78.66
396,-2.1358,-79.891
397,-0.12447,-78.36
398,-2.1422,-79.867
399,-2.1254,-79.886
400,-1.0303,-79.47
401,-2.1557,-79.89
402,-0.15677,-78.48
403,-2.1789,-79.894
404,-2.1833,-79.883
405,-1.6581,-78.756
406,-1.242,-78.627
407,0.4941,-76.496
408,-2.1275,-79.906
409,-2.9076,-78.98
410,-1.8092,-79.545
411,-2.1833,-79.883
412,-0.17053,-78.477
413,-2.1243,-79.903
414,-0.16283,-78.479
415,-2.1701,-79.85
416,-2.1789,-79.903
417,-2.1758,-79.908
418,-0.12745,-78.474
419,-0.17615,-78.495
420,-2.2466,-79.889
421,-2.1833,-79.883
422,-0.30623,-78.467
423,-2.1982,-79.895
424,-2.2029,-79.893
425,-2.159,-79.898
426,-2.0984,-79.875
427,-2.1682,-79.897
428,-2.1799,-79.232
429,-0.95733,-78.697
430,-2.1574,-79.95
431,-2.1461,-79.891
432,-0.12437,-78.36
433,-2.1386,-79.888
434,-1.4715,-80.536
435,-2.1659,-79.922
436,0.36404,-78.123
437,-2.1315,-79.6
438,-0.11182,-78.507
439,-0.21315,-78.504
440,-2.1169,-79.894
441,-2.0525,-79.913
442,-2.2046,-79.884
443,-2.2202,-79.887
444,-2.1833,-79.883
445,4.6,-74.083
446,-2.2184,-79.893
447,-2.2302,-79.894
448,-2.2551,-79.874
449,-2.2276,-80.918
450,-11.93,-76.691
451,-0.18288,-78.484
452,-0.23486,-78.497
453,-0.95256,-79.354
454,-0.28088,-78.549
455,-1.2493,-78.638
456,-3.2715,-79.97
457,-0.20335,-78.491
458,-2.17,-79.915
459,-2.2769,-79.885
460,-1.6721,-78.64
461,-2.1348,-79.903
462,-2.0878,-79.942
463,1.236,-77.3
464,5.4478,-74.663
465,-0.18049,-78.478
466,1.2278,-77.286
467,-2.1828,-79.876
468,-2.1373,-79.92
469,-2.8971,-79.004
470,-2.1979,-79.909
471,-2.2246,-79.893
472,-2.2313,-80.88
473,-2.1466,-79.899
474,-0.70002,-80.095
475,-2.1793,-79.883
476,-2.1387,-79.93
477,-2.2837,-78.122
478,-2.1402,-79.927
479,-0.15616,-78.485
480,-0.25,-78.583
481,-2.1836,-79.906
482,-1.0231,-79.466
483,-2.1702,-79.899
484,-0.46278,-80.456
485,-0.70127,-80.096
486,6.3095,-75.566
487,0.96725,-79.655
488,-0.94242,-80.731
489,0.35559,-78.118
490,-2.1833,-79.883
491,-0.30019,-78.466
492,-2.2333,-79.903
493,-12.131,-76.98
494,-2.1372,-79.901
495,-1.6,-79
496,-0.10772,-78.489
497,0.35818,-78.111
498,-2.1241,-79.906
499,-2.8895,-78.995
500,-0.94538,-78.615
501,-2.161,-79.903
502,-0.25,-78.583
503,-0.2501,-78.539
504,42.342,-3.6996
505,-2.3892,-77.508
506,-2.241,-79.895
507,-2.1454,-79.966
508,12.584,-81.695
509,-0.22804,-78.488
510,-0.15951,-78.494
511,-0.94703,-80.746
512,-2.2,-79.833
513,-2.1582,-79.899
514,8.9909,-79.529
515,-2.1591,-79.929
516,-0.12536,-78.47
517,35.034,-85.156
518,-2.0417,-79.895
519,-0.12288,-78.5
520,-2.0313,-79.915
521,-0.14048,-78.499
522,-0.18435,-78.478
523,-1.3499,-80.58
524,-1.7951,-80.742
525,-2.1833,-79.883
526,-2.1218,-79.9
527,-2.1189,-79.968
528,-12.089,-77.005
529,-2.1597,-79.889
530,-2.1814,-79.884
531,-1.2474,-78.635
532,28.406,-81.477
533,-2.2235,-79.895
534,0.84291,-79.753
535,-2.1574,-79.891
536,1.2251,-77.288
537,-0.20838,-78.5
538,-0.25,-78.583
539,-12.089,-77.065
540,-12.112,-77.03
541,-0.20336,-78.491
542,-2.0911,-79.938
543,-2.173,-79.899
544,-34.582,-58.424
545,-2.1262,-79.594
546,-2.1459,-79.949
547,-2.258,-79.902
548,-2.1424,-79.889
549,-2.1451,-79.897
550,-2.1728,-79.914
551,-2.1574,-79.944
552,-12.077,-77.082
553,-0.1385,-78.501
554,40.714,-74.006
555,-0.86675,-80.539
556,-0.18618,-78.487
557,-12.089,-77.032
558,-2.1424,-79.889
559,-2.1384,-79.912
560,-0.19238,-78.483
561,-2.1833,-79.883
562,-2.1352,-79.924
563,-2.8894,-79.008
564,-2.2294,-79.898
565,-2.1573,-79.888
566,-2.0238,-79.866
567,-2.1497,-79.96
568,-2.2023,-79.883
569,36.724,-4.4308
570,-2.9022,-78.979
571,-1.054,-80.458
572,-2.0843,-79.87
573,-7.1653,-78.512
574,-1.0533,-80.458
575,-2.8826,-78.985
576,-2.1833,-79.883
577,-1.6743,-78.648
578,-2.1631,-79.899
579,-8.1833,-79.033
580,-0.95002,-80.716
581,-2.0599,-79.892
582,-2.1718,-79.908
583,-0.13547,-78.467
584,-8.1141,-79.033
585,-2.1928,-79.886
586,-2.1757,-79.897
587,-2.0244,-79.916
588,42.001,-92.908
589,-2.1833,-79.883
590,-2.1009,-79.94
591,-2.8992,-79.015
592,-1.3561,-80.591
593,-2.2274,-80.921
594,-2.1907,-79.882
595,-2.1833,-79.883
596,-1.7374,-78.598
597,-1.0554,-80.466
598,-2.1452,-79.92
599,-2.1584,-79.887
600,-2.1923,-79.881
601,25.784,-80.131
602,0.35775,-78.111
603,-0.033333,-78.8
604,-0.20674,-78.481
605,-1.0394,-80.461
606,-2.1646,-79.899
607,0.66509,-77.531
608,-2.2057,-79.898
609,-12.102,-77.061
610,-0.23493,-78.529
611,1.2006,-76.931
612,-2.1658,-79.911
613,-2.2263,-79.936
614,-2.1833,-79.883
615,-2.2215,-79.888
616,-2.134,-79.929
617,-0.088688,-78.473
618,-3.26,-79.957
619,-2.0668,-79.914
620,-1.3603,-80.592
621,-2.1289,-79.903
622,-2.1614,-79.914
623,-2.8992,-79.015
624,-2.2467,-79.9
625,-0.30549,-78.483
626,-1.4,-78.417
627,-0.25,-78.583
628,-2.9007,-79.004
629,-2.1442,-79.869
630,-2.2297,-79.895
631,-1.9648,-79.723
632,-25.039,-14.467
633,-2.1833,-79.883
634,-0.15027,-78.474
635,-2.1352,-79.905
636,-1.8302,-79.821
637,41.404,2.1739
638,-0.98098,-80.698
639,-2.1574,-79.944
640,-2.2211,-79.896
641,-2.1514,-79.907
642,-2.1299,-79.894
643,-2.1833,-79.883
644,-2.1884,-79.967
645,-0.84614,-80.164
646,-1.2417,-78.62
647,-0.1713,-78.491
648,-0.20941,-78.488
649,-1.0526,-80.485
650,-2.1833,-79.883
651,-2.0818,-79.873
652,-1.0192,-79.466
653,19.434,-99.085
654,-1.0209,-80.469
655,-3.3312,-79.805
656,-1.2368,-78.616
657,-2.1808,-79.897
658,-2.1416,-79.868
659,10.5,-66.917
660,-1.4903,-78.006
661,-0.31731,-78.461
662,-0.33393,-78.406
663,-0.96844,-80.719
664,-2.1735,-79.909
665,-2.1833,-79.883
666,-0.20268,-78.489
667,-2.1702,-79.899
668,-2.0384,-79.857
669,-2.1833,-79.883
670,-0.13384,-78.483
671,-0.95773,-78.899
672,-3.2667,-79.967
673,-2.1667,-79.9
674,-2.1904,-79.881
675,-2.2982,-78.119
676,-2.2167,-79.483
677,-2.1635,-79.9
678,-2.1831,-79.843
679,-2.0486,-79.872
680,-2.1364,-79.884
681,51.672,39.184
682,-2.1238,-79.905
683,-2.8914,-79.007
684,-2.0589,-79.887
685,-0.078961,-78.471
686,-2.1833,-79.883
687,-2.1758,-79.89
688,0.13333,-78.05
689,-12.043,-77.028
690,-1.8167,-79.517
691,-2.1575,-79.884
692,-1.0469,-79.483
693,-0.11836,-78.499
694,-2.0495,-79.899
695,-2.1762,-79.906
696,-2.1784,-79.876
697,-12.05,-77.076
698,-2.1565,-79.912
699,-12.057,-77.037
700,-0.29834,-78.569
701,-2.0998,-79.908
702,-0.16027,-78.492
703,-0.25,-78.583
704,-4.0397,-79.684
705,-0.2175,-78.42
706,-0.29382,-78.463
707,-2.1681,-79.908
708,-1.6833,-79.7
709,37.777,-3.7896
710,-2.1214,-79.901
711,-0.27242,-79.463
712,36.919,-4.446
713,-1.0721,-80.442
714,-1.2417,-78.62
715,-1.366,-79.906
716,-0.50419,-78.559
717,-12.073,-77.034
718,-2.0648,-79.91
719,-1.0437,-79.481
720,-9.1397,-78.509
721,-2.1833,-79.883
722,33.917,-118.1
723,-2.1833,-79.883
724,-0.19332,-78.485
725,4.7531,-75.915
726,-2.8992,-79.015
727,-2.2382,-79.896
728,-2.1442,-79.89
729,-2.2412,-79.895
730,-0.95002,-80.716
731,-2.2014,-80.978
732,-1.0076,-79.457
733,-5.2252,-80.627
734,-0.19987,-78.494
735,38.2,-9.36
736,-0.19152,-78.424
737,-0.20414,-78.494
738,-3.2711,-79.945
739,-2.1874,-79.957
740,-1.2098,-80.371
741,10.496,-66.913
742,50.238,-3.7669
743,-2.1482,-79.946
744,-2.2704,-79.896
745,-0.95354,-80.704
746,-2.1833,-79.883
747,-2.1528,-79.886
748,-2.2018,-79.139
749,-2.1833,-79.883
750,-0.76058,-80.512
751,-2.1296,-79.895
752,-0.95002,-80.716
753,-1.2417,-78.62
754,-0.28176,-79.19
755,-12.104,-76.963
756,-0.21298,-78.499
757,-1.4455,-79.46
758,-23.55,-46.633
759,-0.17019,-78.479
760,-2.1381,-79.905
761,-0.21944,-78.513
762,-0.14287,-78.468
763,-0.16399,-78.482
764,-12.083,-77.005
765,-2.1271,-79.902
766,-0.94636,-80.723
767,-2.16,-79.889
768,44.87,24.848
769,-2.1544,-79.899
770,-2.1651,-79.897
771,-2.8865,-79.003
772,-2.0786,-79.921
773,-0.25294,-78.522
774,-1.6385,-78.677
775,-2.1369,-79.898
776,0.33503,-78.193
777,-2.1781,-79.844
778,-0.95002,-80.716
779,-2.2257,-79.897
780,-2.1553,-79.892
781,-0.30743,-78.451
782,-2.1833,-79.883
783,-2.1614,-79.904
784,-0.25,-78.583
785,-1.5877,-80.397
786,-2.1442,-79.89
787,7.0151,-72.997
788,-2.1393,-79.586
789,-0.25617,-79.21
790,5.0636,-75.875
791,40.4,-3.8833
792,-0.11834,-78.484
793,-3.5546,-80.074
794,-2.2055,-79.904
795,-0.15139,-78.458
796,-0.17707,-78.478
797,-2.7194,-78.845
798,-2.199,-79.927
799,-2.1833,-79.883
800,-2.1811,-79.906
801,-2.1833,-79.883
802,-2.1833,-79.883
803,-2.1833,-79.883
804,-2.2134,-79.923
805,-0.071028,-78.468
806,-12.049,-77.111
807,-0.21906,-78.504
808,-2.1728,-79.462
809,-0.19918,-78.493
810,-2.907,-78.994
811,-25.313,-57.601
812,-0.25,-78.583
813,-1.056,-77.585
814,-2.2202,-79.937
815,-12.108,-77.033
816,-2.1784,-79.844
817,40.721,-74.001
818,-14.07,-75.733
819,-2.1822,-79.899
820,-2.8732,-78.967
821,0.05,-78.133
822,-1.0263,-79.459
823,-0.090878,-78.509
824,5.8164,-73.036
825,-2.095,-79.928
826,-2.1908,-79.942
827,-1.6256,-79.564
828,-1.102,-80.421
829,40.763,-73.986
830,-0.22409,-78.513
831,-2.1833,-79.883
832,-1.0893,-78.581
833,-12.099,-76.967
834,-0.33147,-78.444
835,-1.0562,-80.455
836,-1.9646,-79.726
837,-2.0498,-79.914
838,1.2524,-78.987
839,-12.095,-77.004
840,-12.087,-76.997
841,38.256,-85.747
842,-0.25,-78.583
843,-2.1442,-79.89
844,-1.6757,-78.635
845,-34.594,-58.404
846,-1.0102,-79.469
847,-2.9167,-79.039
848,-0.21207,-78.501
849,32.643,-115.51
850,-2.2144,-79.925
851,-0.27195,-78.546
852,5.692,-76.655
853,-0.20525,-78.447
854,-0.1015,-78.508
855,-0.22019,-78.51
856,-11.989,-77.092
857,0.32635,-78.218
858,-2.1833,-79.883
859,-2.6307,-80.389
860,-14.078,-75.738
861,-0.98333,-77.817
862,-2.2167,-80.967
863,-2.1367,-79.893
864,40.409,-3.694
865,40.96,-5.6667
866,-1.8033,-79.515
867,-1.8134,-79.513
868,-2.1833,-79.883
869,-31.395,-58.02
870,-1.7139,-79.392
871,-0.25,-78.583
872,-1.0486,-80.469
873,-0.17522,-78.488
874,-0.62338,-80.427
875,-0.34416,-78.446
876,-12.08,-77.024
877,-2.6438,-80.38
878,-0.14735,-78.46
879,-2.8921,-79.025
880,2.455,-76.593
881,-0.25,-78.583
882,-2.7088,-80.248
883,-0.20526,-78.488
884,-0.1852,-78.477
885,-0.0025384,-78.454
886,-2.1498,-79.941
887,-0.12433,-78.36
888,-13.514,-71.981
889,-2.8992,-79.015
890,-2.1241,-79.905
891,-1.0535,-80.66
892,-0.29945,-78.427
893,-0.08911,-78.472
894,-12.133,-77.023
895,-2.124,-79.907
896,-2.2451,-79.903
897,-6.4866,-76.375
898,-2.2215,-79.888
899,-0.24084,-79.17
900,-6.778,-79.847
901,-3.0224,-79.737
902,-2.1168,-79.92
903,-0.74076,-90.314
904,-1.5826,-79
905,-0.20546,-78.486
906,-2.0888,-79.872
907,-2.8992,-79.015
908,-0.28644,-78.54
909,0.98529,-79.655
910,-0.25,-78.583
911,-2.1281,-79.865
912,-0.23462,-78.515
913,-2.1257,-79.891
914,-0.084031,-78.428
915,-2.1833,-79.883
916,-0.26667,-79.433
917,-2.8992,-79.015
918,-2.1759,-79.905
919,35.625,-78.1
920,-1.2688,-78.634
921,-0.0024774,-78.454
922,-2.2404,-79.888
923,-2.1791,-79.876
924,-2.161,-79.93
925,-0.22012,-78.512
926,-1.3597,-80.591
927,-15.491,-70.127
928,-2.1386,-79.888
929,-2.637,-80.391
930,-1.5,-78.05
931,-2.191,-79.884
932,-2.1833,-79.883
933,0.81233,-77.847
934,-1.0333,-79.45
935,-2.2265,-80.862
936,-1.7104,-78.644
937,0.23614,-78.266
938,-5.1779,-80.641
939,-2.8554,-78.918
940,-0.26927,-78.541
941,-2.1406,-79.909
942,-2.1422,-79.892
943,-12.168,-76.964
944,-0.17872,-78.478
945,-2.0937,-79.925
946,-0.29359,-78.563
947,-2.2984,-78.118
948,-0.93172,-78.601
949,1.2113,-77.285
950,-9.1311,-78.497
951,-2.1597,-79.932
952,-0.17359,-78.485
953,-1.0546,-80.467
954,-2.123,-79.895
955,-2.1601,-79.9
956,-2.2202,-79.903
957,-2.2373,-79.934
958,-0.26648,-79.111
959,-0.25,-78.583
960,40.811,-73.855
961,42.45,-73.245
962,-0.26814,-78.554
963,-2.0584,-79.877
964,-9.3,-75.983
965,-12.178,-76.963
966,-7.0518,-78.634
967,-0.13543,-78.486
968,1.1408,-76.653
969,1.2091,-79.042
970,-2.9011,-79.004
971,-2.1595,-79.928
972,-2.8992,-79.015
973,-2.1983,-79.909
974,-0.28731,-78.442
975,-2.1026,-79.931
976,-0.13,-78.486
977,-2.1833,-79.883
978,-2.1543,-79.897
979,-0.14075,-78.465
980,-2.0895,-79.914
981,-0.30797,-78.45
982,-0.20299,-78.494
983,-2.1383,-79.907
984,-3.5928,-79.662
985,-11.971,-76.747
986,-0.27534,-79.481
987,-2.1885,-81.01
988,-0.14664,-78.49
989,-0.99125,-77.816
990,-0.28163,-78.554
991,-0.25721,-79.169
992,16.747,-93.085
993,3.7086,-73.69
994,-0.27701,-79.47
995,-11.944,-76.985
996,0.49657,-76.499
997,0.8759,-79.818
998,-0.96017,-80.468
999,-0.076831,-78.292
1000,-2.141,-79.865
